589232
2557010
226273
1214
64137
3058891
3025577
53944
2193445
2415205
48995
1489646
1610546
2633702
412187
2754458
353915
942438
323478
679733
220082
3031722
454347
1168971
3738288
2702629
2871148
31625
1380
2330276
111850
3516652
2283415
601168
352393
3161539
993616
3152733
433148
1726589
8450
1537619
2501858
15542
105059
2272216
711997
191687
1148088
138561
7050
905348
2254576
1886968
4387011
1074674
2760067
777305
102725
3969671
319134
3547063
276533
1034256
2808795
133095
313463
3614956
2175987
2393059
80462
927939
4439016
2560304
2606114
60815
310535
313293
783056
62252
763382
2307927
2963479
449
205782
350100
1941718
2350632
3011089
894183
3073614
3906460
8762
17281
54522
772593
1011
1701479
225995
2236005
41669
164452
310474
202287
215048
559679
1298018
1206813
653788
1200531
22086
445936
3751525
180110
1161116
249753
951356
1566417
103099
491703
994295
2575352
55182
3312913
277803
165246
1330711
3590375
8162
487379
3070684
167225
255747
992283
177782
4360547
436290
892901
933770
103640
2754416
4143649
3350648
97421
274059
307462
365447
711729
1103514
76102
976914
976961
3748214
4240775
4322482
203936
226480
1357652
7840
144959
232746
1023465
2374265
2566675
3815433
114176
405313
1504763
1707857
3996
116869
238196
249342
519763
539571
997887
3604769
3616421
351409
595777
2467469
140886
508383
1342557
660819
2417107
3302692
3666623
109069
967544
18384
96632
1393295
2038983
2887772
25320
78365
316888
724054
1754885
1908635
3541217
823
926358
1997601
2670
147333
486072
2196276
3497773
1009509
4387499
203308
302045
77418
82940
101669
276632
340690
1239386
2918494
45
6397
588436
1094338
2455
538345
1395459
2460058
413271
1305147
1427122
3335909
868523
2862023
454
74429
102648
2972675
59135
377836
507311
2228863
3144802
14097
169490
910499
3333329
41963
79024
312843
471046
621544
242644
2009612
1276717
55136
100003
206460
228704
464568
482384
4272722
21947
110179
142354
434430
927064
1575790
2889198
4367270
72458
88721
255801
348633
1352534
1969884
3517112
4473641
57598
269748
330163
1168221
3304256
868026
1272947
630616
3527677
1169946
2289795
13284
21916
43605
691812
1491986
2167525
2226929
4455034
3189
493232
775081
1089209
3118513
10248
698389
2537495
3084482
1434
338513
575567
1271585
2127236
3268253
3050642
39390
48571
431057
1839865
2855833
3480965
3584904
3591072
80004
102228
478905
554229
670461
1562287
2490022
25083
82573
127070
245210
291017
435850
611809
1789566
2184379
2235815
3003933
3009051
3645522
4188488
57673
344585
644209
2063181
2647907
1069950
891265
2796
36229
203889
363648
1181154
2118159
2807749
60026
101409
827638
875378
1246226
1947660
3026048
19958
98757
135453
226235
360105
464220
553141
710436
1291494
2135380
2353199
3726923
889
583221
1683754
2386514
468007
304393
1780584
38923
1751521
2345137
2738947
2814461
2923220
71211
72215
148012
226756
357376
447889
556302
664063
1024097
1117776
1231822
1926351
2299811
2493117
2668801
3308037
3641709
57516
63353
73761
83111
287184
461247
905456
1846365
2496007
2808455
3689003
6943
66627
264704
4407955
716
50931
279678
631
1526000
3527193
3952556
1131
5480
43295
124694
215789
402339
623688
758199
771993
2005321
50557
90804
282555
611667
674553
734268
942471
1021791
1030017
1503093
1616268
1798319
1859078
2011771
2184460
2307764
2897640
4374126
70987
102718
150078
577333
585130
632718
639615
797380
1133718
1508755
1808634
2370490
2575429
3291319
4240713
21823
923926
3556795
353675
995668
3387725
1257863
2136940
448105
784791
159260
174047
823972
853610
1194751
1343204
1622091
2889138
3294179
3733931
9392
41467
66522
71512
103244
218925
219687
329653
430840
642529
645906
649474
758651
769500
1258865
2501784
2609577
3366237
3637106
3907224
3939502
4533259
27901
38599
270005
400181
630271
844031
1525804
1653115
1869471
2710192
3175781
210872
231231
2533165
3507766
1294775
1505428
15757
3461713
4393983
1451617
2950258
292678
11850
53748
55509
128672
197850
255093
420857
611849
991152
1128493
1201148
1335640
1632245
2492511
2530591
8471
80057
145134
145649
328816
371460
450641
514001
567888
586604
1440830
1461161
1463540
1907191
1954843
2559821
2624980
2658827
4202164
59390
66873
307596
665262
711251
1068975
2046028
3998205
157193
1026239
1721966
2610318
2623536
2673152
2704253
3184065
56793
1918332
1975253
418745
395669
932293
956002
1147106
1344213
69706
119625
224968
238440
547358
1250440
1839744
2262871
2808529
6661
82558
219104
274238
582492
661426
726590
1063339
1193276
1749832
1983469
2069874
2593126
3260175
3302732
3664795
3868636
3932797
4009931
4479389
7171
35699
62137
209949
256098
1139659
1228882
1601163
2459460
2688740
2742789
2904682
4313849
4124
29617
46007
84824
86335
86519
150459
154479
1316399
1873088
2349119
342278
855815
1884762
2430486
2508298
3468382
271566
956537
3318837
8349
77577
170464
207159
277605
401649
983639
1223699
1585113
3561472
3695967
4092299
15996
55897
230159
258506
331250
459751
533661
573158
607453
820507
879642
1094046
1461951
1476021
2490319
2704729
3027331
3458854
3737551
227
10157
27963
32810
97331
229625
614804
1252023
1346386
1834535
2115692
2155451
2641943
3351113
3386780
42486
43828
58516
329650
344282
653914
706313
1295855
1370454
1715246
2870870
116122
240501
1184318
1581569
3946135
204205
726762
137327
608368
1417
28056
159704
274972
356015
898334
1056794
1122818
1550225
3051133
4234282
4354530
28531
190996
199248
220068
250110
1932524
1984047
2073979
2142416
2302150
2420131
2498455
3422712
3543168
3851200
4165198
4541032
2427
3823
39465
91481
123015
175702
314687
371629
476882
601018
667121
670736
677217
1334548
2101245
3291153
5334
153494
522297
576919
648574
998650
1010804
2015097
2264971
2902596
205644
1417107
24467
28403
310011
360857
425162
612537
726017
485964
1104343
1155694
834731
4784
284595
757136
1048827
1650273
3700417
4363315
122743
153981
313099
535105
639643
897098
2468117
3156221
3395950
4164911
4686
25724
46293
62414
110189
125263
141664
191545
236487
293238
312786
404992
685092
885589
992269
1574979
2065449
2676827
2982716
7588
41857
60416
306406
338600
365781
475360
619223
735371
819967
1255154
1570812
1805414
1912889
2524833
2578430
2888907
2891962
3305785
3535867
413
15540
32501
107827
222865
845785
1009943
1057877
1181008
1546531
1647466
1803890
1627
22970
3874932
4122441
580379
31926
497531
1068865
3194220
3290552
4171477
26715
63975
73067
187818
197022
238356
304654
309617
334940
435525
915156
1292884
1744965
1882390
1914675
2351036
2471114
3781698
75922
132614
205506
279007
331435
395391
401399
573530
630893
671259
776060
934967
1118479
1196294
1401123
1532714
1706155
2064142
2656541
2982442
3812307
4527453
5982
38914
85652
102881
136720
150530
268200
465161
505208
524568
596165
688278
725800
993854
1295996
1306943
1358581
2016741
2071410
73155
498732
1502578
1867060
2604124
3717337
3834293
4410332
148822
373433
449529
1073138
1561884
4275735
136396
263083
1951035
2777124
3113185
22615
56648
110252
1114717
1122754
1549630
3214630
3241788
1919
7225
48675
92800
162013
188118
347303
499131
688515
991594
1203089
1770985
2933230
2959815
3345748
3565791
3576557
3975805
4276358
4310398
34122
62742
96044
351791
716024
841297
849354
955972
1359421
1449971
1460570
1742541
2321900
2420473
2482031
2809438
2983792
3004955
3028744
3201332
3311353
3648600
3747280
3840704
