589232
2557010
226273
1214
64137
3058891
3025577
53944
2193445
2415205
48995
1489646
1610546
2633702
412187
2754458
353915
942438
323478
679733
220082
3031722
454347
1168971
3738288
2702629
2871148
31625
1380
2330276
111850
3516652
2283415
601168
352393
3161539
993616
3152733
433148
1726589
8450
1537619
2501858
15542
105059
2272216
711997
191687
1148088
138561
7050
905348
2254576
1886968
4387011
1074674
2760067
777305
102725
3969671
319134
3547063
276533
1034256
2808795
133095
313463
3614956
2175987
2393059
80462
927939
4439016
2560304
2606114
60815
310535
313293
783056
62252
763382
2307927
2963479
449
205782
350100
1941718
2350632
3011089
894183
3073614
3906460
8762
17281
54522
772593
1011
1701479
225995
2236005
41669
164452
310474
202287
215048
559679
1298018
1206813
653788
1200531
22086
445936
3751525
180110
1161116
249753
951356
1566417
103099
491703
994295
2575352
55182
3312913
277803
165246
1330711
3590375
8162
487379
3070684
167225
255747
992283
177782
4360547
436290
892901
933770
103640
2754416
4143649
3350648
97421
274059
307462
365447
711729
1103514
76102
976914
976961
3748214
4240775
4322482
203936
226480
1357652
7840
144959
232746
1023465
2374265
2566675
3815433
114176
405313
1504763
1707857
3996
116869
238196
249342
519763
539571
997887
3604769
3616421
351409
595777
2467469
140886
508383
1342557
660819
2417107
3302692
3666623
109069
967544
18384
96632
1393295
2038983
2887772
25320
78365
316888
724054
1754885
1908635
3541217
823
926358
1997601
2670
147333
486072
2196276
3497773
1009509
4387499
203308
302045
77418
82940
101669
276632
340690
1239386
2918494
45
6397
588436
1094338
2455
538345
1395459
2460058
413271
1305147
1427122
3335909
868523
2862023
454
74429
102648
2972675
59135
377836
507311
2228863
3144802
14097
169490
910499
3333329
41963
79024
312843
471046
621544
242644
2009612
1276717
55136
100003
206460
228704
464568
482384
4272722
21947
110179
142354
434430
927064
1575790
2889198
4367270
72458
88721
255801
348633
1352534
1969884
3517112
4473641
57598
269748
330163
1168221
3304256
868026
1272947
630616
3527677
1169946
2289795
13284
21916
43605
691812
1491986
2167525
2226929
4455034
3189
493232
775081
1089209
3118513
10248
698389
2537495
3084482
1434
338513
575567
1271585
2127236
3268253
3050642
39390
48571
431057
1839865
2855833
3480965
3584904
3591072
80004
102228
478905
554229
670461
1562287
2490022
25083
82573
127070
245210
291017
435850
611809
1789566
2184379
2235815
3003933
3009051
3645522
4188488
57673
344585
644209
2063181
2647907
1069950
891265
2796
36229
203889
363648
1181154
2118159
2807749
60026
101409
827638
875378
1246226
1947660
3026048
19958
98757
135453
226235
360105
464220
553141
710436
1291494
2135380
2353199
3726923
889
583221
1683754
2386514
468007
304393
1780584
38923
1751521
2345137
2738947
2814461
2923220
71211
72215
148012
226756
357376
447889
556302
664063
1024097
1117776
1231822
1926351
2299811
2493117
2668801
3308037
3641709
57516
63353
73761
83111
287184
461247
905456
1846365
2496007
2808455
3689003
6943
66627
264704
4407955
716
50931
279678
631
1526000
3527193
3952556
1131
5480
43295
124694
215789
402339
623688
758199
771993
2005321
50557
90804
282555
611667
674553
734268
942471
1021791
1030017
1503093
1616268
1798319
1859078
2011771
2184460
2307764
2897640
4374126
70987
102718
150078
577333
585130
632718
639615
797380
1133718
1508755
1808634
2370490
2575429
3291319
4240713
21823
923926
3556795
353675
995668
3387725
1257863
2136940
448105
784791
159260
174047
823972
853610
1194751
1343204
1622091
2889138
3294179
3733931
9392
41467
66522
71512
103244
218925
219687
329653
430840
642529
645906
649474
758651
769500
1258865
2501784
2609577
3366237
3637106
3907224
3939502
4533259
27901
38599
270005
400181
630271
844031
1525804
1653115
1869471
2710192
3175781
210872
231231
2533165
3507766
1294775
1505428
15757
3461713
4393983
1451617
2950258
292678
11850
53748
55509
128672
197850
255093
420857
611849
991152
1128493
1201148
1335640
1632245
2492511
2530591
8471
80057
145134
145649
328816
371460
450641
514001
567888
586604
1440830
1461161
1463540
1907191
1954843
2559821
2624980
2658827
4202164
59390
66873
307596
665262
711251
1068975
2046028
3998205
157193
1026239
1721966
2610318
2623536
2673152
2704253
3184065
56793
1918332
1975253
418745
395669
932293
956002
1147106
1344213
69706
119625
224968
238440
547358
1250440
1839744
2262871
2808529
6661
82558
219104
274238
582492
661426
726590
1063339
1193276
1749832
1983469
2069874
2593126
3260175
3302732
3664795
3868636
3932797
4009931
4479389
7171
35699
62137
209949
256098
1139659
1228882
1601163
2459460
2688740
2742789
2904682
4313849
4124
29617
46007
84824
86335
86519
150459
154479
1316399
1873088
2349119
342278
855815
1884762
2430486
2508298
3468382
271566
956537
3318837
8349
77577
170464
207159
277605
401649
983639
1223699
1585113
3561472
3695967
4092299
15996
55897
230159
258506
331250
459751
533661
573158
607453
820507
879642
1094046
1461951
1476021
2490319
2704729
3027331
3458854
3737551
227
10157
27963
32810
97331
229625
614804
1252023
1346386
1834535
2115692
2155451
2641943
3351113
3386780
42486
43828
58516
329650
344282
653914
706313
1295855
1370454
1715246
2870870
116122
240501
1184318
1581569
3946135
204205
726762
137327
608368
1417
28056
159704
274972
356015
898334
1056794
1122818
1550225
3051133
4234282
4354530
28531
190996
199248
220068
250110
1932524
1984047
2073979
2142416
2302150
2420131
2498455
3422712
3543168
3851200
4165198
4541032
2427
3823
39465
91481
123015
175702
314687
371629
476882
601018
667121
670736
677217
1334548
2101245
3291153
5334
153494
522297
576919
648574
998650
1010804
2015097
2264971
2902596
205644
1417107
24467
28403
310011
360857
425162
612537
726017
485964
1104343
1155694
834731
4784
284595
757136
1048827
1650273
3700417
4363315
122743
153981
313099
535105
639643
897098
2468117
3156221
3395950
4164911
4686
25724
46293
62414
110189
125263
141664
191545
236487
293238
312786
404992
685092
885589
992269
1574979
2065449
2676827
2982716
7588
41857
60416
306406
338600
365781
475360
619223
735371
819967
1255154
1570812
1805414
1912889
2524833
2578430
2888907
2891962
3305785
3535867
413
15540
32501
107827
222865
845785
1009943
1057877
1181008
1546531
1647466
1803890
1627
22970
3874932
4122441
580379
31926
497531
1068865
3194220
3290552
4171477
26715
63975
73067
187818
197022
238356
304654
309617
334940
435525
915156
1292884
1744965
1882390
1914675
2351036
2471114
3781698
75922
132614
205506
279007
331435
395391
401399
573530
630893
671259
776060
934967
1118479
1196294
1401123
1532714
1706155
2064142
2656541
2982442
3812307
4527453
5982
38914
85652
102881
136720
150530
268200
465161
505208
524568
596165
688278
725800
993854
1295996
1306943
1358581
2016741
2071410
73155
498732
1502578
1867060
2604124
3717337
3834293
4410332
148822
373433
449529
1073138
1561884
4275735
136396
263083
1951035
2777124
3113185
22615
56648
110252
1114717
1122754
1549630
3214630
3241788
1919
7225
48675
92800
162013
188118
347303
499131
688515
991594
1203089
1770985
2933230
2959815
3345748
3565791
3576557
3975805
4276358
4310398
34122
62742
96044
351791
716024
841297
849354
955972
1359421
1449971
1460570
1742541
2321900
2420473
2482031
2809438
2983792
3004955
3028744
3201332
3311353
3648600
3747280
3840704
9491
42873
53019
64615
117267
257391
268115
458684
691122
1079410
1720634
3735336
8766
16351
58313
70042
101998
153368
191002
233118
422521
1777826
2120642
2144632
2467301
2486870
55324
100402
170388
320119
937241
1337045
1412337
2957251
61853
577748
95956
313915
1486046
1714643
564264
698416
746855
1254312
1279942
1736071
3266771
4246211
33842
58483
107714
121896
151763
320348
399392
460272
522677
605597
780552
1358646
2782113
2944150
3066302
3319178
3448652
3496721
30009
33320
46418
51421
105194
148376
156054
186241
187081
265868
279017
316334
357856
468052
512041
549095
870455
1029252
1418364
1517610
1575171
2765045
3125676
3150299
3296593
3338093
3758781
3916209
4103250
4346076
4414368
1424
11802
46039
86688
146225
184557
336884
356410
359630
363264
441682
457008
463755
471341
500447
761661
1127951
1137544
1231395
1398814
1725894
2604892
3512003
3669990
3773367
3992429
231
8420
56384
89808
94007
120066
223197
268292
431241
674454
1072372
2590647
4212946
4271199
230445
1686806
497803
820274
1118750
1946667
2611278
155363
660
76229
217848
473733
943213
2112412
2184774
3048221
13862
64450
71693
78689
113050
140891
149291
226502
285339
298414
334118
546407
1141802
2416755
2653031
3037177
3328541
4162
5023
12026
48323
68112
79607
132089
143889
192588
282713
342951
370956
411005
530756
755840
789307
883902
896456
902198
1098466
1203966
1219645
1632187
1784023
1856633
1983043
2190751
2348963
2696206
2806434
2836000
2942116
3152360
3819993
4248736
1358
68313
149085
264077
276023
281083
307007
552542
572785
817820
918539
1089540
1167015
1167351
1532767
1625243
2548564
1146
10516
328040
483142
1805502
1903030
18081
66481
112202
121464
144807
516733
541808
639510
1017102
1328958
46718
970276
2132559
1697655
576674
2283765
4220
6590
1022882
1859137
2254172
2599142
3132
60388
78008
200762
274099
312051
436469
497830
502898
514308
669204
895452
1014724
1077667
1534441
1552824
1937848
2028809
2249835
2326342
2720499
3409465
3614454
3878204
4471957
4387
81250
122824
154160
285107
319016
335434
355031
369033
410654
425821
471670
597876
992725
1016904
1043748
1101575
1170329
1188652
1332101
1505751
1624360
1963044
2035621
2314251
2911733
3509474
4159325
4221189
31784
128165
141529
141604
378994
526820
546847
549987
665182
742056
1294103
1927306
2052143
2303840
2567708
3034339
3204446
1469
7392
26746
62883
74316
122154
249645
254135
647152
673804
890626
1628184
1911345
2079581
2200918
2358275
2667731
2804504
3005078
3289197
4010531
34475
206217
239097
329632
390744
622619
2066221
2403964
2798724
3285258
149508
1935051
125453
164789
1161932
2273074
91432
982373
1818783
430226
134384
1644715
2445229
2565840
2574757
3198259
30652
63836
73750
78910
82187
184808
212639
232487
255342
277784
282358
317923
329338
525813
726801
736912
1061417
1186572
1303011
1670666
2135405
2382235
2450636
3162049
3510855
4064934
1758
2982
4580
6277
11940
58569
63118
72733
96764
129731
321622
378801
383805
530796
630286
723807
768660
800758
808865
810187
828226
904318
1042506
1578032
1617835
1671664
1940609
2629661
2634245
2746294
2766331
2976558
3204849
3619808
3858269
3924492
4505179
126
1337
5229
34768
36130
64334
66710
72327
88658
121580
135744
156341
189932
227347
286618
311216
434714
465365
522597
622807
706523
731011
1060211
1129278
1162215
1182679
1255837
2513958
2556505
3367398
3806455
4098104
8132
10731
62938
77874
108129
238882
663033
1338935
1367848
1788801
2172053
3265259
4343083
59698
90145
146045
161246
207808
233049
338899
718497
1534506
2354468
2825327
722035
1529829
4171658
1184456
2593063
2790303
572305
1130392
2790958
114236
905704
927020
1028280
1351775
2179772
4243868
54427
55609
57460
59678
78705
174431
536917
933202
1074541
1581716
1709488
1796009
2401054
2760557
2952540
3188835
3216374
4021256
272
6201
20433
41014
57722
64771
68208
70270
108128
172371
174948
193021
197028
236078
299255
385441
409747
451918
483650
540356
600869
811124
856162
874280
900711
1136300
1138369
1556233
1607209
1828456
2047871
2371305
2466778
2721711
2753418
3299924
3364753
3632464
3803720
3806080
4244530
4379126
4381738
4467190
79
7819
81422
133328
135358
155073
156218
171991
283587
348626
371376
416875
463592
485969
561946
575204
578030
584149
624506
827411
975190
1012503
1093717
1247082
1448020
1464025
1579761
1637737
1921154
2109205
2751576
2851285
3059543
3075728
4561
11989
20727
28068
45072
53639
98740
161941
177050
250157
600827
652888
883621
954138
959766
1093714
1409675
1852348
1861763
2539962
2564176
2734403
262738
344245
384702
614148
1376352
1563608
3013737
3442794
3711829
127399
162812
500194
1205537
1496188
1721730
1889857
4216793
1977294
2541215
1651095
1348116
1936097
113893
116589
1171214
1203232
1825277
3230930
4520318
44787
69362
156973
163818
259514
264985
289699
354091
504066
582196
1098399
1218312
1652810
2288096
2310492
2370599
2464969
2690689
2880200
2901713
2954515
3267309
3864212
1652
2151
17634
55747
70411
120318
176976
205354
210847
294402
308865
322882
336203
360693
425910
442945
445541
512100
614235
762740
808027
984071
1248158
1684488
1792347
1913122
2064227
2481311
2500855
2896939
3125557
3127522
3232490
3306355
3464028
3773157
3824472
1603
55433
61514
106188
123059
136197
139707
148930
158616
199930
226673
235969
241396
248311
252606
425382
456626
650347
677322
697652
822112
1129082
1172576
1393468
1648887
1938324
2073663
2993752
3217692
3227598
3514639
4028610
48742
70806
122866
133426
173215
211271
338923
400193
419008
521594
758094
822498
936913
1067482
1207826
1273793
1464720
1790692
2157805
2494808
3146163
206549
776250
3019008
4010398
68667
302798
493472
4267570
11801
54275
274449
116410
1000152
2769566
8296
105614
712267
1250333
1759637
3619982
3728014
4479032
475
15995
31131
31369
42045
55105
65291
180561
218216
256204
554050
582993
597113
605164
673409
875956
914400
945073
986746
1167074
1209592
1296227
1481288
1641600
2087413
2387336
2776657
2895944
2979306
3006938
3485391
3647960
3959124
4152311
4218195
7235
10054
25314
62920
99546
147710
150739
204746
228470
247727
306061
317623
444498
503442
510263
725521
1218047
1249174
1358528
2010096
2721674
2780772
3111368
3128235
3181913
3439961
3475904
4479370
6976
45253
49526
60306
61952
64791
69434
172343
374330
543792
630385
899854
1011758
1106887
2321500
2356812
2699874
2705996
2950477
3203076
3421046
3427818
3471547
4373603
5654
10911
21577
40742
70557
70784
101262
153437
164205
195832
219745
227699
262275
460381
2441433
2714885
3605239
4498022
197403
236769
365187
840598
1097207
384903
698119
838161
937789
2027829
8242
9731
47376
2539663
51591
230134
2358260
224637
258487
464376
1204110
1588318
1796324
3363869
3558312
60908
84796
91912
101228
154309
193124
245513
362498
475744
489957
632777
668328
692536
751502
843515
1153469
1264682
1406822
1443275
1464420
1526429
1531082
1531403
1780613
1825420
1840038
1871930
1931795
2114850
2406874
2831212
2871161
3042958
3230995
3281171
3721298
3724701
3760647
7849
52564
68943
69298
80223
111638
117297
177574
204437
266051
306602
362306
398698
429735
481669
504286
665899
712342
728608
914725
1135470
1296550
1310530
1327610
1397203
1601480
1701255
1734273
1919256
1984445
2260457
2270931
2414566
2685548
3000861
3018486
3177977
3264203
3969070
4035798
4491082
3200
4450
7342
17270
22840
28113
34192
107304
133690
171231
266417
279231
315097
374165
398915
403902
552623
622192
638733
667149
686015
701138
793027
827851
1164959
1298882
1368703
1373892
1393748
1477194
1584097
1654466
2402326
2439463
2555155
2724038
2857486
2972297
3025080
3149354
3199364
3216620
3399876
3772260
4245897
8731
25171
56352
63120
84939
91761
143059
178119
225936
284351
285885
442048
506254
569252
731504
1112008
1251513
1546844
1679874
1686957
1934636
1992016
2515042
34660
369766
1271187
1516780
1919147
1996054
2119684
2823296
145018
601451
830974
3236420
4545456
93086
2763951
10301
529794
569071
751872
33385
76916
150041
283340
290361
635291
664586
746465
809804
1405883
2406907
3103604
455
6630
94745
138646
150623
169966
227178
266607
273479
411385
909813
946730
1039137
1099255
1140912
1141504
1210497
1574718
1648433
1653663
1976706
2117566
2382178
2394525
2551118
2564586
3028763
3444692
3578964
4297655
796
1637
1986
4534
5220
8133
13538
17004
20302
37298
85571
89994
93632
94531
103044
167435
202497
212446
277824
302872
352972
356452
418464
429339
486982
500308
552271
561458
675929
678071
687277
844474
871156
889578
923508
932627
1153191
1219451
1315944
1389975
1476429
1602081
1841902
2125542
2336165
2426905
2432765
2705952
2766609
3044603
3737588
3750974
3810571
78
20888
45829
78921
129211
168608
212814
219346
233044
250590
347640
352330
450278
485865
553794
636352
733432
761175
931580
991881
1132849
1152938
1162582
1360720
1538762
1578601
1632600
1716201
1790854
1865436
1931284
1934133
2046776
2207898
2343143
2381134
2429926
2617641
2752686
2808548
2875840
3258954
3872396
4046490
4160133
4166373
4449540
13365
17631
98791
157110
161181
241875
264052
333447
398429
717100
735538
1150143
1184776
1271912
1648560
1749103
1921013
1947284
2157110
2770926
2856449
2903495
4200685
389420
420533
461849
609910
1426696
1850847
2383528
3074523
3119319
3497829
3829810
56996
1252815
2898086
75694
432646
675155
434142
953529
561591
164828
316182
320333
1374905
1577223
1624147
2745217
2778607
2993641
3210750
3826501
896
27687
58835
59482
87392
92669
92991
93366
127860
163777
196477
203336
217724
246123
279139
348125
534583
1093167
1195895
1225764
1370714
1404447
1436340
1491705
1664419
1670336
1724579
1748021
2503463
2731901
3000002
3075588
3171619
3202862
3559615
3586130
3639441
3796548
4400475
4459421
481
530
6272
8467
23957
35766
43608
47590
48246
71876
100095
103029
144905
185015
186639
198944
204106
205116
219907
264326
267867
272227
307848
383933
408025
418902
426589
451012
453441
497846
515804
592313
596744
643497
668963
669643
706510
800543
892425
1025933
1091045
1099041
1224909
1252395
1297947
1395739
1692255
1762931
1791343
1817063
1851121
2191381
2219206
2380428
2386185
2567965
2764314
3141248
3309265
3507248
3761212
3963936
4138331
4292465
4345821
4447928
4315
4630
12646
18757
113961
191441
283810
289771
302489
468295
513987
515332
582805
602996
649048
661107
701499
714337
814715
884296
889050
982671
1059181
1147125
1207182
1485033
1503218
1743480
1785245
1863119
1937843
2058176
2797063
2869441
2879903
3054759
3332944
3516088
4010218
7384
45098
45996
61736
117971
166649
203829
249034
274988
344362
481059
526141
686197
802373
820675
899600
905851
1116292
1303262
1325562
2379645
2413687
2556295
2759822
3592252
3851563
4009
62153
72123
111955
294122
600427
954133
2563614
3523130
51007
138268
308558
498332
716557
1013974
1245275
1828994
2950552
3438994
216261
238902
1706322
4066598
72096
469107
2237280
12784
40834
146069
278411
427489
1254340
1754728
1819912
1968921
3219911
3331266
17480
46935
51654
56406
212254
257763
268272
502449
503884
506714
512858
588122
698624
804207
907295
1149095
1185376
1233295
1305798
1355011
1419522
1425842
1482015
1595465
1921149
2357049
2791242
2842591
3188790
3335415
3486760
3580182
3761245
3763292
4147210
4243249
4300974
4399431
4507987
4554623
30998
33840
35484
53067
53913
67808
70648
85689
92080
112358
125344
135162
169613
246647
253420
263020
287364
295321
437662
515457
629316
639506
767059
776494
932243
944708
971243
977034
992163
1003795
1024896
1028742
1122233
1281171
1359586
1550306
1575378
1654490
1752023
1786996
1787432
1887933
1896854
1908213
1956533
2046778
2316066
2390195
2504555
2646215
2763887
2803361
2867798
3025450
3065623
3092868
3161809
3172129
3191802
3427150
3676780
3846428
3885489
4249997
4315463
2628
2696
13079
14983
15897
25058
43736
65333
81413
87787
90635
111901
118903
135367
266988
274263
323810
348045
470360
476581
538242
590245
645078
714486
736047
966765
981548
984197
989347
1249567
1347777
1414000
1442898
1502714
1602715
1655174
1681406
1730157
1856107
1927562
1929263
2107997
2204644
2221728
2312365
2492179
3096686
3225098
3409098
3502715
3944663
4335514
4352760
359
16194
39581
45429
58117
60263
73484
80394
154417
364082
573741
574655
580229
582444
697568
910598
1181348
1697019
1883272
2955589
3313720
4434422
4534816
6139
8440
58760
62631
168708
196142
235751
386055
441561
523491
832430
1192289
1194677
1347103
1398575
1572675
2505100
3834436
30698
166294
268595
434779
1257921
1300901
3553844
3828928
16507
52134
57055
117795
318399
540014
1480937
217919
922607
4242679
2499976
56057
1605900
2936405
8918
164758
604048
688710
788788
1009289
1212599
1334748
1475682
2072245
2086050
2351462
2360560
3208322
3486327
4287746
7627
34529
40357
56979
110623
129192
141917
153172
266080
272557
283042
346255
350268
364677
385122
525366
571790
607233
609778
610662
741759
1004898
1018678
1037875
1109576
1130309
1148858
1202957
1329933
1390139
1635251
1836208
1866521
2155120
2327724
2424622
2527691
2694948
3055862
3080779
3162958
3223462
3370798
3465279
3801537
3803126
4005430
4106807
4199284
4246150
696
974
2898
5160
5401
5917
17792
17919
50908
55524
56822
66320
103152
104509
120703
212576
219942
254577
268262
275041
322443
328349
347423
431529
437231
447418
458951
521484
558586
564013
571157
636233
639359
675625
724146
836008
933803
938831
981588
988341
1131255
1147435
1175385
1250993
1285523
1338469
1481443
1494446
1530344
1605580
1620190
1955144
1967148
2023321
2028416
2050332
2066654
2288900
2614846
2710829
2770947
2870079
2923516
2954183
3105740
3334547
4025694
4371559
4494336
4549408
135
1153
24382
34012
44567
46183
84033
91463
128091
130251
138230
172019
225220
275339
299981
314598
324863
344530
358896
389343
433596
453689
464042
479619
556796
665537
691099
747863
776273
896857
965360
1008860
1018189
1023128
1030435
1058139
1103771
1190219
1280294
1400112
1530990
1532822
1673195
1678761
2104322
2268613
2478552
2481151
2481554
2500807
2618980
2722490
2910537
3243385
4159926
4313833
409
59699
120323
168763
189097
277300
452176
507602
776127
808790
921598
1112387
1210662
1376944
1381439
1777048
1816627
2060626
2293029
2747338
3280224
3698518
1490
24661
54649
77406
107503
123293
156352
349108
713484
753604
1129799
1183136
2059725
2105392
2768700
3480050
3586112
3611164
95917
123769
332550
507953
547287
611784
712894
1798804
3136757
3643935
4099076
40781
261430
1368470
85846
322142
585758
1159271
1891546
1900284
4480160
2274798
412017
2405681
3244395
4497701
8659
16998
30470
75583
103861
172525
299647
349567
495090
747547
1111680
1301016
1327070
1462041
1548794
1641602
2487614
2822126
2935551
3491606
3768747
3326
7997
15555
64358
77564
196918
264663
323146
469653
614445
643385
647621
740356
840276
841335
956027
1010069
1133296
1154428
1158738
1210041
1277797
1338218
1485504
1745760
1774788
1933321
2715431
3099988
3198377
3601170
4094420
4106320
4523359
5629
36019
46029
69174
130419
170818
212488
261785
270769
277220
358366
433071
446385
486048
506600
530073
602582
626135
737738
785477
819383
839206
867936
876649
904614
1083270
1176273
1299095
1334656
1418951
1464593
1510894
1511013
1547776
1697293
1744411
1893987
1915529
1936629
1984882
2001412
2214584
2377835
2558769
2596706
2909997
2960591
3190005
3484792
3499609
3511803
3698837
4089572
2280
23053
28396
40771
69986
73639
81457
88065
95718
122378
128290
133492
163187
166961
171047
201490
226251
250504
260313
271774
273724
280995
389705
416885
430001
480684
614546
615360
668951
670631
927521
985238
1078614
1101966
1140352
1235680
1280684
1483276
1508738
1548990
1624169
1634155
1720229
1772470
1777757
1887825
1954329
2023993
2038423
2120868
2219065
2474205
2485135
2764405
2769196
3010081
3160424
3659279
3888522
3996530
4046816
4097827
4104372
4182258
4350536
993
1672
2267
45137
65403
107063
205571
222506
244251
275332
279459
285673
288524
296359
365497
431169
457029
546364
591996
610104
1011312
1140425
1198623
1203971
1212774
1305217
1500462
1514553
1541957
1626344
1898438
2049180
2113229
2383497
2429148
2575543
2946264
3732081
15438
51129
76073
76194
190459
353427
365814
802419
1003704
1815970
1843552
1902583
2194454
2358306
2396538
2780854
2861893
3216368
3225218
3316492
3687709
1964
6458
9521
16676
70792
137022
274864
513070
591253
1058027
1391438
16446
98481
1759200
3877324
1043122
52895
3396961
391921
599126
1491703
1884106
30136
55341
178767
836841
900516
1146734
2746621
2986036
3150165
3324803
3449992
3574870
3583185
3879428
125
14471
23345
26706
44656
74273
135458
136192
176339
213767
253667
266291
271163
357692
413175
521267
677915
734740
762305
790990
799699
868638
907844
938640
962521
1104513
1233325
1262446
1331877
1412104
1630878
2028544
2049559
2252607
2372178
2458043
2504706
2508535
2549794
2701036
2806225
2812086
2957027
3047077
3236720
3366967
3630385
3772222
3796873
3817254
3940904
4150516
4214676
4256797
4311296
4463050
4481050
2527
11448
21243
27022
47815
60181
66684
79522
81135
81196
87933
100335
104394
111321
125755
186168
242979
253504
279329
288935
294605
311840
318988
325607
327085
340192
346333
356121
442455
458937
510913
517788
591279
610127
643321
656488
677545
728635
730354
800827
875733
892048
956288
962632
994050
1076994
1137657
1157491
1209106
1278211
1357267
1456967
1479237
1622640
1628953
1650729
1676218
2040191
2135230
2155901
2283985
2324212
2419172
2513906
2594372
2652873
2663175
2806006
3348445
3573616
3658203
3921460
4149817
4363226
4379558
4504777
12137
12817
14133
22468
22535
24542
27456
30812
40460
57475
66937
70359
99644
102063
105689
160550
201867
209586
239624
284221
313033
332864
339733
403237
451904
479524
551182
569644
580205
663112
713784
754331
898594
989072
1056848
1059422
1149340
1193558
1196104
1233557
1362948
1496566
1771376
1848873
1866595
1872273
2089271
2289119
2575294
3003644
3016758
3455770
3823725
4073228
4424850
7911
15066
15298
54729
70584
82640
95741
100001
134991
140561
266799
341499
561029
667245
672981
717383
741971
787596
798539
903707
998600
1068677
1146263
1767426
1813479
1907820
2029781
2311268
2613507
2859090
2985626
3136469
3523845
3782828
4269417
14780
33174
67190
223105
302994
901616
920912
1031913
1113342
1577786
1898428
2343085
2550036
3049833
3587176
31685
39193
283160
417140
467316
1507760
1847794
2477559
2927520
3333095
3897467
3949548
618818
841540
1374173
2572330
1089074
3473922
1352092
1435054
3047936
4456832
218339
223768
330753
570552
657132
822276
857615
971904
2730586
4150155
4406979
4529501
4535145
2088
27568
202709
246275
284416
307469
328586
338631
387993
394692
421198
471138
506327
567680
601799
1003677
1054901
1429453
1445472
1760686
1998472
2417475
2755292
2861916
2885082
2906453
2993522
3021815
3164180
3181120
3264306
3285854
3311636
3423864
3461699
3473055
3527104
3610193
3678789
3743012
3978740
4494005
8855
13474
24214
40506
63251
65133
65373
83776
89190
101342
103319
107487
111619
114379
164389
173595
206388
245005
273913
275798
359563
394923
446597
456112
460769
492201
493275
533206
551435
580466
591497
670693
675414
700743
744519
794645
831980
845852
913372
1115942
1132703
1195073
1242674
1251964
1260009
1281423
1422776
1429908
1507549
1524873
1537879
1787912
1904094
2017890
2172194
2240342
2302092
2519512
2646059
2766650
3025267
3169081
3195491
3204992
3209279
3219664
3409000
3545604
3763470
3904261
4085770
4367683
4529849
4536885
39
16263
20172
22483
52801
62934
72278
76607
117314
126326
166069
170086
206891
210505
212929
226067
254890
259947
266997
269112
281033
285568
326349
389398
440782
514211
550744
599462
662351
710779
734893
745237
751956
770291
774427
827795
835661
1151600
1188037
1188816
1250894
1335326
1347230
1413285
1416573
1428830
1434367
1537994
1639310
1730132
1772363
1885865
2272531
2507988
2729134
2875731
3021773
3228239
3358567
3476586
3550276
3571651
3993999
4223287
4301418
4382016
35654
51963
84178
108394
110088
134021
167014
212221
366520
387463
407954
410314
514187
621053
692733
737788
756684
845820
1055458
1143799
1196397
1258113
1373978
1514611
1591144
2681467
2835799
2843127
3246826
3895754
3880
44648
45923
83025
187604
190963
855529
869940
920872
1220051
1264175
1434765
1887752
2203998
2261940
3000021
3820497
3908208
3936
52749
135127
310573
389148
510099
1028723
1048811
1200607
3313612
6779
89689
210601
454451
1054366
1610241
434923
2144737
3605938
3728032
1690027
855675
133013
258269
439203
913442
2902638
3812611
47368
881803
1005000
1033462
1360145
1399928
1724620
2386761
2939850
3549195
3820592
4185150
421
1266
14559
32261
44258
49108
51534
92750
118187
139120
144263
158768
188608
226286
257209
260146
302868
303723
354213
414617
680765
774652
877262
902208
906074
944707
1023485
1038262
1044678
1089105
1126174
1214284
1509281
1557952
1566338
1633346
1751519
1883490
1971254
2105960
2166605
2270006
2270729
2298473
2499199
2542951
2743429
2767241
2859150
2884681
3028804
3037620
3115533
3327850
3391540
3582691
3842016
4023161
4240405
4400811
4435659
2222
2272
2604
8211
10775
11931
14916
18551
28135
32257
41580
51713
64037
85238
94989
100121
102547
108632
108831
114019
128259
132518
133272
134231
181630
232791
250760
256649
264054
266807
295419
298509
300729
317897
322134
328675
343767
363531
422560
498505
538468
542104
573693
604139
622383
652395
678291
695607
716442
716612
887560
887793
905283
926316
1005947
1016821
1104244
1176290
1176963
1227730
1273384
1324015
1559477
1623083
1680190
1698390
1753466
1756920
1786256
1863232
2123439
2124638
2155199
2259509
2282276
2379946
2553972
2620644
2690877
3099232
3225962
3234110
3332914
3393781
3462074
3525722
3632974
3991455
4056256
4084477
4164483
4169319
4217018
459
1075
2116
5477
21766
25655
56448
60395
62080
63031
89026
93529
108089
128762
163035
177664
215025
216922
240973
272708
278347
296464
302397
307956
323663
335371
338850
586028
616809
640283
689555
715949
745092
760653
804502
806315
952749
1028224
1045957
1091482
1159450
1268775
1381766
1395300
1420260
1421874
1434777
1500218
1701552
1751384
1758212
1897944
1985507
2406703
2419163
2481212
2586485
2635442
2810524
2989315
3002314
3216613
3382809
3556067
3621283
4112517
1200
4545
6380
64650
74756
90504
109956
125395
187137
188591
204095
271709
291693
315522
332737
338321
350157
384071
429183
432487
433579
513049
839952
859975
1006742
1082139
1086397
1086615
1285199
1291455
1311918
1396309
1409395
1418700
1477998
1531585
1572193
1646640
1757934
1879108
2257450
2323529
2594076
2834930
2847189
2849347
2914997
3054640
3056944
3244248
3849226
4070291
4286552
4368455
50436
55792
96787
105040
140752
147330
160684
309154
464665
508262
1221324
1347606
1773487
1887060
2036073
2455665
2461148
2630634
2887144
2932533
3097976
138397
150569
151032
226494
235481
301731
341483
494370
935140
1005784
1083634
1279929
1507476
1564102
1750706
2098582
3020435
3311769
4215052
259176
1303157
1427222
2878659
310740
665810
2390643
2649983
258833
229020
345523
246018
1181469
2839523
262528
1076664
2324385
3238099
70560
153743
253792
393591
553501
621209
1068756
1083307
1308928
1901739
1954137
2219231
2483054
3301121
3366053
3753004
3939315
4204435
4251675
4360794
1180
14917
28823
36395
56157
58210
66525
91383
146994
177515
199199
429304
436735
483141
531965
587249
600733
625248
631768
663190
672516
756135
968567
1084240
1095878
1104138
1154167
1225796
1254629
1321274
1335627
1425486
1425734
1436457
1483583
1591699
1631760
1652213
1881104
1973437
2159603
2292507
2514182
2540950
2548378
2662658
2820464
2874970
3071646
3115436
3213082
3373370
3375357
3419113
3428701
3485317
3502675
3579443
3736148
3996928
4388313
271
983
2507
2772
6489
18130
19483
23925
37684
41869
50667
66930
70106
97194
107600
131202
151324
161483
161683
166523
173587
196159
210411
260932
268526
322269
362478
455851
473973
552927
583781
592988
672723
679068
709376
765640
801979
846851
847641
887194
910052
929857
948005
1036710
1053178
1092914
1117632
1128365
1130782
1221279
1250315
1264575
1315266
1353514
1398868
1419123
1433370
1464601
1490120
1587374
1681143
1742621
1749090
1784770
1791290
1800629
1911048
2108148
2263554
2363588
2384614
2406117
2899638
2980876
3717030
3823264
4017385
4158699
4238949
4474657
4494393
1505
1781
1983
6249
18719
18824
27333
29144
37118
45087
57448
61495
64161
64975
82431
100287
107335
120607
132787
137899
143704
161732
222895
289444
397058
405782
407905
440399
460565
530899
620698
621603
747012
775079
813095
882388
905345
944078
948373
1000602
1069397
1099021
1191551
1198907
1222445
1278073
1385099
1443532
1538329
1557632
1562831
1578495
1588623
1609714
1688815
1810971
1904421
2079793
2166615
2396154
2540721
2547740
2647294
2776568
2789157
2857605
2982843
2997952
3002908
3108632
3136860
3305760
3458969
3788707
3797317
3817072
3857083
4034640
4241874
4311808
4359828
25660
27240
45333
57877
67900
116802
195445
269697
349406
384781
386348
416389
422539
472788
636362
709047
835495
1046934
1360150
1475750
1505864
1681919
1728416
1997144
2052851
2077614
2140625
2232807
2360840
2427013
2550161
2905350
3087650
3584798
3818046
3975453
3984094
4065197
22836
43292
50145
50299
133519
277851
330870
363604
435153
823298
857772
892435
927349
1102328
1294532
1394320
1830280
2135547
2272929
3715006
4401844
24165
91475
96718
249778
345826
1017347
1959110
2184448
306676
399609
478579
1470040
2531917
4436761
1158021
1658879
1461668
4072624
250205
849554
1046247
1202855
1345261
1424354
3252117
3882535
20185
49006
189439
259780
340067
482668
514186
830601
1068704
1344467
1809151
2428013
2664478
2769662
3382431
3391557
3848343
4224781
4481052
190
2610
15234
15799
19661
31819
40580
41320
45112
66743
111065
123099
125277
155729
181436
185607
227010
228937
253140
257754
268051
464699
530824
550153
557723
601726
607210
682587
714725
729485
731307
807748
959805
997111
1042864
1071922
1145495
1182986
1216692
1330914
1387843
1466137
1477175
1539801
1577563
1662658
2007477
2180968
2224429
2551470
2709411
2738159
3117228
3217589
3273495
3585407
3818064
4141559
4350202
4521862
4551849
1540
4410
6537
7413
26173
28383
41858
43148
46155
60865
62166
66449
75219
89315
108331
150399
157168
173713
216390
216696
236427
246972
266713
269588
303442
307586
317378
347639
355918
373025
379699
431733
443683
500838
525191
574948
602895
609119
639341
642484
673936
687122
720919
848056
889084
952432
964510
973866
978471
990469
1016148
1024213
1040290
1132105
1142621
1271346
1402168
1418845
1438849
1456418
1472569
1509073
1552285
1554450
1573669
1595271
1605848
1683112
1687701
1705978
1889160
2023669
2037810
2092512
2155776
2203282
2275861
2694878
2783782
2799723
2819464
3116178
3139959
3151943
3154227
3253707
3499797
3501263
3613649
3812939
3987316
4055524
4132291
4176643
4302893
4494811
148
165
2874
9471
9985
20982
24615
36494
51303
57694
64851
105303
127487
156548
158383
197282
204665
207365
210910
225836
243921
293081
302277
330595
360066
360459
424139
469524
487085
586124
598337
714575
753166
783217
792673
813467
1047338
1083127
1085488
1120506
1212280
1424085
1502467
1583004
1636958
1823875
1948861
1982489
2170974
2217312
2300586
2507163
2539520
2551523
2554389
2670302
2854443
2959100
3144254
3189131
3300873
3312345
3486805
3819986
3857972
4046167
4068912
4272172
4413776
1705
5694
9113
23937
39649
46209
48649
56914
76575
84342
93485
148606
161111
186223
209846
211685
226396
227641
253957
255009
318385
350837
371462
542824
546435
655650
728310
989995
1004532
1142440
1145208
1172514
1288143
1426717
1609642
1679455
1889818
1990447
2299048
2362239
2387803
2403846
2550504
2579893
2621075
2622064
2887658
2913944
3138622
3233934
3270371
3286921
3449074
3697655
3768759
3948631
4237536
4518845
4000
7783
41122
43912
52976
56727
88333
253612
300038
459130
545106
631600
905045
1017966
1098139
1309948
1338160
1452362
1709546
1726590
1995043
2118657
2136994
2280232
2295634
2710884
3285997
3515864
4134703
9361
61005
72514
91008
165772
348983
373417
571475
1071394
2105688
115237
346275
347631
439516
739541
763699
1261153
1613090
2841535
3562806
302525
2556237
3465682
64734
467192
2407145
579542
277511
50454
2308758
2581699
3135081
321076
3414952
4356081
52265
166598
295552
482574
512918
725864
914495
1036506
1283913
1385189
1857356
1981056
2165828
2399785
2425635
2436630
3047978
3318308
4021493
4169112
4242642
3834
12040
33371
45261
51862
81842
95186
105832
113920
128206
150806
153361
228586
242475
251720
256367
271209
275073
283690
313317
322968
389523
436113
450643
450658
488933
511028
682658
788505
801034
829250
838150
940263
1031689
1114931
1147508
1166325
1228031
1376409
1431105
1585559
1609367
1612192
1652209
1804972
1828764
1976261
1984508
2010286
2148477
2149225
2260524
2544785
2736567
2760937
2775591
2791007
3019624
3048420
3245686
3343416
3363195
3415037
3786155
3876688
3936126
4151288
4255827
196
2732
8503
8668
10641
20334
26856
32905
40461
44718
47899
48478
54514
54749
71606
77218
81319
81328
81792
90942
98048
98116
100606
119402
156279
210940
236987
251979
269742
275683
306448
314559
328037
331057
344269
353440
403631
403722
418298
428350
457970
460404
485230
515782
525014
551938
580482
587624
650243
692082
716894
755814
762188
788378
790161
797954
799624
799660
813601
817203
875459
876171
912327
922962
953390
1006817
1011614
1016823
1021121
1114647
1128650
1167691
1205911
1208841
1249441
1256720
1294260
1299193
1349880
1398674
1428164
1464430
1566305
1641814
1725251
1727294
1847331
1967896
1991212
2014396
2035933
2043928
2099892
2133508
2215809
2256211
2406263
2420948
2428103
2496896
2597073
2652663
2697689
2733417
2742248
2750079
3013734
3120554
3130354
