3247257
3265068
3271287
3356351
3427725
3528732
3594912
3651762
3809804
3935711
4308721
14827
15076
18742
20329
22635
32114
38653
39015
42839
52838
64186
72923
73325
89132
109545
110134
112391
114987
115319
125690
130433
134330
135826
163725
164907
170296
188973
189505
199003
208835
252339
252863
290100
355122
356010
361311
416836
492520
509884
550985
560431
615888
670470
680776
702335
716322
752868
760062
808550
859806
867779
883080
973837
1013768
1039543
1103157
1117360
1199374
1299582
1334364
1595335
1626001
1646987
1864914
1900305
1929125
2094236
2179867
2222909
2252378
2528112
2536067
2576997
2630762
2715774
2851898
2966585
2993998
3156964
3162046
3247497
3342721
3425697
3464808
3493992
3739300
3981413
4039199
4068936
4110249
4529797
1144
19938
29839
36546
70326
125061
139121
242503
278727
299827
345327
489475
500560
500646
529627
809923
1000983
1268076
1300409
1551563
1654085
1780815
1868950
1877967
1935593
1936182
2182310
2477537
2571178
2780278
2886001
3194074
3207555
3232587
3274478
3378164
3526327
4357290
4365388
5999
13405
50709
59131
64148
101032
110435
205981
222166
344041
630840
758070
916339
963843
1200427
1622077
1710846
1781982
1809797
2134666
2504024
2510086
3139917
3254217
3968413
3988742
4470121
1689
100790
418449
508855
635126
769384
2042138
2067584
2751773
3468425
3766929
3942699
84
169009
923576
1090646
2608960
545472
953297
2354862
2942047
2364077
2537289
3046630
139190
169499
1044477
3202738
3796904
31873
56364
140496
360600
578658
894837
1162210
2209356
2403002
2602915
2892646
3125057
3141633
3358998
4028641
4275132
4485223
4502654
1664
24047
29878
51523
65663
75522
98882
99890
106646
109031
128910
136298
144677
146830
156626
164711
229535
243423
269870
277140
301086
356238
394007
458856
471185
512318
518951
534613
693055
764258
770957
789070
812028
1021469
1060635
1148352
1158807
1173043
1198371
1299390
1330828
1358871
1360376
1387785
1450847
1599089
1625385
1629846
1662897
1731393
1808282
2258480
2320739
2327823
2373887
2412373
2419885
2480508
2581670
2742939
2803060
2860723
2894333
3196304
3226588
3235741
3486544
3676459
3832956
4029860
4038045
4191504
4293941
4524884
4529601
586
9280
9351
13457
15433
25019
27885
36903
56602
56776
71289
71556
75530
76629
92971
98324
104675
120159
120228
133393
134775
146951
150135
168118
168437
176755
177877
184797
190904
198226
211326
228917
231222
233143
244624
259067
288052
300511
308421
315919
319605
328976
359649
456305
458574
498519
499491
528467
544170
566435
579439
585302
585749
590936
632728
636481
661999
671181
731749
741922
748129
760091
937594
960938
989466
1046904
1057265
1074640
1094439
1131037
1189151
1225196
1292125
1356707
1383916
1458077
1470974
1499250
1538939
1597105
1608282
1650681
1691966
1707705
1712665
1715626
1763806
1819447
1898749
1934894
1953515
2069640
2074991
2135078
2184133
2361823
2458620
2491042
2521287
2533008
2586482
2634486
2635654
2707088
2713020
2827805
2833218
3145188
3214318
3278420
3690396
3866806
4177229
4284960
4340214
4649
9338
11023
31273
35571
38325
47045
47350
58690
59295
63715
71810
76548
121895
150066
180386
185088
196121
223845
226177
226595
236727
252235
261562
271894
314675
325313
335604
363333
380045
387898
466344
530749
537577
566644
572065
587076
597140
613917
675100
676574
709538
720970
760967
974121
1140823
1189643
1200278
1215164
1253045
1306561
1431725
1542880
1608221
1632194
1663106
1666820
1828998
1835643
1899601
1932095
2165735
2350048
2416260
2416838
2420442
2453061
2453983
2608761
2612629
2616413
2720219
2795594
2836094
2862133
2883738
3136605
3225513
3294276
3328043
3344867
3352647
3441540
3515811
3877245
4496425
336
734
1788
3258
4827
17090
23330
39844
41378
43920
48151
50808
51095
55534
78303
95026
109611
112614
114835
134656
143916
362548
369191
451543
598459
605545
709394
730719
763505
877621
882657
929103
1002129
1034983
1201632
1436403
1446820
1657209
1712632
1792277
1838034
1890877
1894019
2060902
2130850
2235625
2401952
2508799
2546475
2655008
2670316
2692865
3087899
3175644
3281827
3535373
3774651
3786553
27320
56762
102078
193733
300015
330878
358594
370000
421305
766540
812736
839674
914755
951729
1007105
1093976
1257888
1350106
1640336
2053289
2056242
2154689
2281737
3076922
3089838
3160216
4259991
37535
63090
317339
317371
347377
466251
609068
923339
1424784
1560368
1777520
2001636
2424492
3208496
27691
230081
589653
940179
1172571
2654317
2659848
3453125
5475
550042
1890546
3803794
4320761
1261877
3895221
2711464
3628185
988978
1619674
2029990
3063397
3129297
3418742
3613668
10090
84637
277060
361078
792593
856449
1004133
1149357
1646106
1928892
2827073
2973553
3017320
3055309
3555648
3579809
4286758
4367545
4465932
1484
1513
13955
24457
30705
88673
91125
101053
132571
147026
149708
152676
153297
219105
258156
276709
291334
292410
339934
343867
375382
379078
483429
494956
500270
517553
559016
579436
610969
667683
677868
777204
777748
828927
836320
844313
1024718
1071815
1100699
1126675
1132089
1177755
1467625
1486757
1578728
1594126
1609939
1649146
1653476
1775926
1860983
1883796
1913235
1924464
1934305
2113544
2114668
2414905
2566718
2571327
2575355
2580900
2663154
2760767
2895299
2947930
3014821
3020598
3038671
3072408
3166043
3174643
3300740
3312672
3322053
3330991
3396505
3481062
3527805
3530184
3562029
3563967
3686529
3711733
3835197
3986107
4124035
4291955
4316944
4416797
4494260
4667
19375
20387
26501
29610
33917
50170
63321
68946
71807
94127
97987
104441
112546
113161
119072
140156
146546
151975
198115
199576
207092
226119
228029
241722
245946
250652
254336
255595
258386
259277
286966
293274
299135
335018
339757
343903
375182
456380
489217
586788
590867
592634
618078
624538
669241
677661
704456
780377
783419
849743
853201
883386
887556
920822
923859
947596
983732
993284
995759
1036486
1056433
1132237
1258916
1272202
1284511
1291180
1302203
1306741
1331046
1373306
1386175
1399868
1523691
1556287
1604622
1611379
1741702
1792493
1811522
1898825
2048571
2072437
2141273
2158848
2265635
2308119
2338193
2347050
2384491
2408140
2633688
2645242
2709009
2754611
2910148
3037739
3098340
3108051
3112921
3122762
3146036
3314579
3549273
3592492
3827641
3897206
3927348
4081847
4177141
4204559
4317695
4392416
3013
5154
5716
5966
8578
9968
15164
16771
22205
39637
41595
46695
52506
56413
73633
90339
124373
136225
136304
161217
171302
173083
223567
228117
230200
252152
258991
275184
314612
328894
330793
331300
334515
343644
456909
485719
503836
543685
554660
584029
597515
679253
739721
765075
819196
833101
902980
980496
1054377
1082989
1107548
1117375
1125433
1127350
1139830
1187701
1204060
1315121
1355949
1487761
1524305
1615290
1639586
1654300
1711070
1744883
1758770
1786817
1897507
1911530
2012119
2020628
2065580
2140400
2166207
2232963
2438158
2456014
2486147
2539589
2542725
2652198
3175907
3175973
3203418
3266287
3320441
3374044
3394920
3556683
3584941
3657064
3803534
3805283
3823865
3900163
4208167
4417526
3590
19949
20754
51074
56595
57556
61931
63136
79994
86024
117837
173638
201023
276347
522964
567193
649005
730732
826257
880906
1002692
1066142
1319725
1337612
1402987
1475864
1730648
2062418
2225443
2319086
2396054
2563615
2745117
2868398
2894165
3315115
3474421
3690244
3901478
4016245
4048471
4347228
3755
4451
18803
64921
98779
138497
171814
225832
256944
261002
279880
405844
449530
462407
529981
603523
622934
794918
805357
814821
828067
898757
1343189
1349392
1594747
1611909
1652690
1775068
1811641
2487482
3035501
4026083
4070811
4274182
4402153
3295
3708
4524
50626
73187
108774
151305
202699
274966
370557
404088
412799
451890
561706
573804
792287
869817
1223587
1808058
1972172
2029140
2205695
2370172
2490662
2641484
2724479
3366035
138033
478044
2677070
508363
660640
2512892
3027794
3654996
1175901
162179
585392
986776
1875348
1898458
3268113
4444611
2284
37762
347630
763516
1337476
1397696
1494228
1573938
2265692
2286171
2592652
2714459
2802669
3252748
4432204
17048
17935
28051
58121
78646
95144
102449
131093
189197
279689
309112
332020
364610
373526
398592
409958
427363
427747
488106
504028
583363
643823
691633
725297
727449
729888
754717
788766
871986
917589
926875
987984
1061656
1089188
1099737
1120083
1151580
1154044
1211653
1257483
1363629
1485757
1519190
1526285
1541716
1622140
1692230
1705200
1746883
1842103
1853913
1914058
2001330
2041099
2145844
2236264
2366979
2393395
2515826
2578357
2833998
2888005
2896128
2931826
3220657
3248514
3367592
3513252
3588494
3627624
3773198
3858130
3881867
3891830
3940874
3986436
4120591
4297096
4362846
4366126
636
843
856
1149
1950
2129
2291
3570
7230
23275
23791
27486
41920
58880
65076
67947
70299
123280
136045
140001
147532
163851
181194
197428
202266
219847
225102
227929
238297
238352
246329
257872
263714
268793
281292
307386
313681
342631
353233
384558
429224
478851
487821
493363
532833
535123
584835
600038
653645
659491
680744
710205
733463
775475
793166
804865
809849
836502
844823
845282
883554
886074
892761
918686
921886
952773
958459
962526
1022744
1048647
1065322
1082238
1134189
1155791
1177257
1224981
1257210
1425169
1504983
1512076
1560064
1614941
1645130
1748043
1786691
1807115
1830159
1962095
1979447
2073509
2077032
2108183
2213899
2242074
2335142
2398639
2490383
2502580
2506436
2593085
2655406
2717914
2792288
2804498
2830843
2933197
3026227
3075824
3079938
3097188
3101888
3137742
3224569
3229330
3254642
3382570
3642669
3735239
4016908
4026392
4030961
4114179
4130383
4132061
4186746
4261640
4311698
4358827
4395453
4492497
312
456
1531
30047
31717
36082
39983
40982
44060
45239
46083
59902
71390
73214
75162
86054
109447
109517
111645
124999
128309
144302
177272
202412
203016
206051
218721
225953
236501
244460
247478
260834
296325
331447
433793
454550
561602
575987
578986
611804
622709
651152
672626
764885
801354
872764
895078
897885
958401
1016267
1039409
1068076
1107318
1143071
1207333
1226347
1333167
1343801
1385279
1396511
1399873
1424880
1476720
1575230
1594638
1773001
1788967
1827721
1897201
1989125
2018708
2185700
2197403
2223959
2228802
2365034
2398382
2424187
2463726
2472345
2489900
2513233
2688586
2698980
2701497
2785144
2890832
2900262
2975030
3010066
3020884
3024097
3028464
3031279
3082767
3206072
3301282
3318841
3481877
3526085
3552077
3584852
3660994
3825488
3865712
3913506
4021481
4249727
7517
14849
15228
40703
44384
46738
50080
62633
63672
66927
115410
148918
150548
167925
171914
195221
196304
216435
238952
248092
269412
272257
313782
328091
333629
357425
372774
421041
463167
499384
504645
509548
545887
595356
597990
725972
873379
911540
1024308
1065663
1093646
1284031
1415080
1422104
1494307
1525906
1598912
1629375
1645531
1685587
1898251
1909018
1972134
2021039
2166271
2222262
2319176
2615161
2615272
2977364
3248983
3277841
3659677
3694704
3782467
4004636
55733
71747
169294
174054
204749
209520
217376
505716
674302
1071477
1394219
1450518
1503450
1547412
1725973
1861356
2104898
3506622
4487140
4532869
4911
32890
278206
491225
563228
568183
589238
764726
794140
801508
1022038
1510144
1692001
4112824
48229
364303
1006793
1960123
2070776
2293019
2788036
3472747
3516253
113823
340452
1658117
992685
2731400
3750986
507342
16169
1400138
3235107
648815
3309338
3395552
2417
757886
920257
926890
1117621
1191574
1781766
2413045
3113730
3424409
3700997
3711270
3885044
4307352
1164
3043
4156
10638
24130
40596
45390
48807
52136
58037
60003
73971
74472
90842
96018
103388
109664
112975
125973
137525
167694
200406
256957
317477
324629
331115
334595
338053
351587
405647
408833
409395
416132
425418
432465
432913
434810
437562
478439
606075
705215
728922
867349
871723
897906
925168
1065192
1066336
1088981
1167225
1177784
1193844
1206725
1217191
1246792
1461874
1468825
1563629
1618916
1638908
1780175
1835621
1849112
1853876
1873592
1893528
1904211
1916588
2063107
2169082
2199201
2504916
2585689
2732334
2774386
2784493
2787526
2846817
2847569
2874395
3022812
3141836
3144434
3162461
3301414
3459212
3568451
3595778
3603005
3623512
3692221
3704668
3723368
3740030
3807515
3914223
3948035
3995798
4000747
4073524
4085237
4164756
4298191
4446502
2726
7267
12713
13684
16025
40579
52234
57231
60402
65690
67837
74591
77982
82805
91075
91845
92615
97005
97288
98906
102763
104880
106163
115492
115915
143577
166370
184080
216561
239738
248630
256334
267392
276089
298424
311345
315184
338137
343513
355856
382121
414129
415090
425246
427818
448151
474721
476985
494721
515318
534561
537017
547377
555259
588259
657523
659628
684160
742806
759564
765369
844824
881300
942913
950813
957953
959936
981825
1002534
1002913
1017524
1042030
1045213
1045803
1092755
1134554
1162484
1210133
1218340
1236181
1329157
1428657
1446391
1447004
1489157
1489260
1545766
1611407
1615352
1621851
1701087
1703169
1725135
1749378
1752060
1787751
1792615
1863027
1894254
1919030
1924983
1944217
2009982
2015913
2113398
2299409
2352385
2392020
2700041
2834049
2964698
3063452
3101029
3104530
3111286
3152693
3181788
3222074
3374158
3430476
3433265
3436136
3462924
3481341
3575705
3620806
3656378
3668960
3722505
3846381
3869684
3889060
3939859
3987287
4104592
4105870
4171826
4308515
4312728
4326594
4437691
3696
18604
27576
47423
49855
50008
65456
71647
82873
86264
93712
102381
117255
121845
141421
146258
162275
168991
197937
213731
249825
257523
274923
276686
281703
298426
305365
341226
360999
368805
380714
390128
446741
446896
502674
508724
531825
634224
645173
709358
724805
801085
819566
835754
886364
894007
911900
937432
941126
955469
1004199
1018003
1090098
1110647
1135948
1217671
1241235
1285357
1292124
1311478
1330402
1426162
1544851
1584413
1609864
1765438
1803116
1825431
1850583
1883973
1949375
1975748
2057939
2058209
2063147
2297968
2405682
2491745
2527712
2601343
2840153
2990450
3046838
3101586
3191251
3212353
3352480
3369854
3428151
3499649
3530355
3629463
3743387
3907397
3958646
3961492
4021291
4058816
4270137
4389213
4417696
4421131
4511285
1587
2164
4392
4919
9543
27129
28762
36550
47667
91013
100971
110195
158955
176691
179272
228671
246784
251300
280971
291476
297758
344115
348426
359349
369762
410421
411466
429195
456679
459562
461567
492918
498625
606857
751127
753875
792139
925326
928714
976859
980268
1016021
1042867
1272002
1306171
1364817
1415891
1443209
1482551
1512267
1518925
1534226
1696938
1759417
1818666
1899534
1989403
2026765
2038155
2234654
2251895
2420033
2650393
2656970
2659397
2833619
2935109
3000921
3022905
3032078
3065465
3465863
3641653
3935578
3949353
3984741
4279677
4547220
10791
43547
67772
105202
184017
227522
250124
253699
256295
325595
460318
460639
466540
468073
477282
547509
570590
571169
811611
819516
858467
880228
920370
1064988
1105358
1108527
1189137
1258737
1308383
1337549
2074808
2364917
2591686
3209397
3256858
3272269
3779550
4231669
4354198
24655
45987
59509
63922
161862
163051
265934
340631
486793
1207976
1928114
3016913
3074831
3313928
3735075
4021891
4127754
75926
165116
177416
205461
284864
346838
657554
2003905
2076983
2291984
3095611
149
33930
2491262
2783116
116568
2755294
3753441
4493977
1016565
2950879
3007982
3203916
4028248
1383592
1387970
1409418
2188696
2390636
3289831
3385804
3394712
4096998
4208058
3315
70053
134630
169276
182700
251424
254194
648968
700569
1048465
1172420
1620490
1814883
2148710
2994831
3194414
3296906
3473528
3510591
3708979
4076523
4081451
4288946
4520308
9319
12089
20657
25812
28874
33261
40389
56992
68770
84080
94826
120098
187480
208816
219924
245472
254220
267328
273801
274726
293963
327473
334694
342576
344422
346183
358998
403886
428279
448507
516694
572136
602889
670831
679330
726057
758528
763170
780054
783069
822536
870785
876480
960492
994750
1180405
1199062
1295295
1421636
1449562
1512680
1534351
1584733
1623414
1626945
1676039
1693678
1754092
1782814
1812500
1846418
1904099
2021378
2042576
2095010
2302376
2338493
2350849
2402265
2476715
2633729
2646164
2662463
2699341
2746577
2917706
2929315
3013015
3139395
3180327
3321656
3328365
3331008
3338266
3439548
3447904
3460861
3644065
3877716
4279978
4318728
818
1090
3787
11564
12452
14504
14519
14883
15630
16167
17142
25253
26557
36110
39681
46146
46623
55901
60294
66753
73419
77882
88337
97463
102205
111543
114423
116338
121888
125161
128035
132635
138247
141311
142929
148780
149442
178388
214227
223729
226322
248476
257289
263927
264702
296995
306394
317670
336513
343698
408940
411855
414781
442416
448609
464320
467708
489808
498263
525569
554479
694937
708423
713025
714154
720130
730557
735585
740728
741960
742948
746561
786260
833888
853764
879448
905721
909273
936914
958372
958861
992860
1006703
1074479
1176552
1200382
1219407
1239709
1310447
1413745
1485871
1500476
1559977
1587099
1613145
1614655
1629697
1643191
1713728
1765171
1842206
1859300
1884131
1907450
2018514
2050818
2180602
2207851
2240589
2268176
2331558
2363707
2382035
2394138
2437046
2480887
2581773
2614380
2824708
2841999
2918305
2926476
2962564
3034673
3060703
3128862
3204923
3278744
3313790
3332131
3341878
3376310
3495670
3520748
3569984
3581513
3793560
3998750
4221756
4412947
4494602
4550290
184
2059
3011
3304
4386
4762
5084
19533
38730
39743
47570
64239
68151
71349
73521
75781
76597
97991
99587
102498
124066
127643
146156
162233
165820
212801
220715
223990
237720
259827
267181
271272
275010
293814
313812
335862
335968
436751
444516
453660
453706
537903
550770
556575
573755
588028
592834
660504
704959
773635
858048
897734
910722
929178
948330
966649
981374
999856
1015930
1034502
1108455
1120543
1133993
1152505
1203756
1205133
1225807
1252322
1307746
1347851
1380555
1459297
1465557
1513163
1583462
1591813
1619430
1621529
1659981
1719669
1722894
1794670
1865196
1874808
1914925
1946218
2070265
2167405
2171188
2212898
2360904
2366502
2425076
2429790
2525297
2671206
2678892
2685791
2702596
2840319
2923173
3174709
3184197
3211848
3215389
3261418
3416978
3500384
3514212
3969265
4039155
4427513
960
2105
4219
12441
20136
27996
61888
62986
71617
76435
82049
117246
122578
163624
173432
198759
225543
257666
259925
264134
300779
306102
410543
456143
471372
516897
517750
554042
566733
672071
684675
712799
744803
752927
798354
823184
899770
934116
1066512
1394556
1401726
1430205
1491170
1672057
1871289
1954979
1997599
2020289
2108692
2313899
2356822
2493335
2501742
2539536
2633677
2759877
2908665
2997577
3215933
3448977
3475667
3544451
4021591
4235549
4265021
4453613
63405
71586
80062
90288
169981
172548
272393
394534
437929
444619
465554
526439
557336
588609
695485
970646
1067318
1795355
1936864
1951751
2834750
3043644
3586303
3630095
3858515
4303764
4328205
4424987
102485
150599
197576
484721
537354
1088654
1682358
2025792
2477540
2551525
3318838
3369401
49635
155283
246316
405794
779000
811869
1562874
1665300
2063624
4189397
120124
2425817
2005780
3172127
314220
2963477
474628
498718
3537633
3551252
283753
426654
1082357
1508868
3210538
41976
51849
67699
187075
192664
282667
381565
397245
487712
614138
732480
892246
1118891
1210533
1346880
1369035
1886962
2397787
2995879
3091773
3094280
3482817
3420
3730
5718
5889
22007
37729
39094
58770
71519
73232
89312
97685
101534
107044
121272
121660
130325
131200
148850
156339
158154
240216
258868
261632
338556
484438
492281
527730
527935
530865
539531
576754
677455
677562
706199
740200
742404
788322
800195
826029
834764
884000
886643
904933
1073493
1076227
1150071
1225373
1421931
1468675
1562508
1608862
1721310
1745729
1750354
1762094
1797912
1801732
1809418
1913978
1920503
1977275
2002634
2011931
2044748
2092951
2182229
2210760
2333993
2446119
2528170
2633705
2669780
3002499
3040895
3072911
3139713
3207116
3220020
3329282
3332901
3378879
3411323
3412491
3438201
3468567
3575801
3621036
3781610
3986295
4181785
4218272
4357403
4362725
4455990
4475895
2555
3153
8910
16577
20182
24840
29812
34919
44015
44380
47302
51392
53917
58019
61578
64738
90548
94594
98550
99138
114172
120663
124325
152215
173566
179200
205097
205119
209333
227828
236931
259882
265456
279909
292918
293277
297290
298600
308907
325843
333436
359888
392756
406110
460746
516114
540048
554918
614415
634531
642848
653928
731489
734341
755503
793782
840764
925906
976249
994045
1024067
1033186
1112356
1168593
1179311
1185519
1217016
1249008
1264550
1269025
1280266
1286385
1329578
1340493
1347597
1469077
1533559
1549690
1618465
1644004
1646366
1770096
1795799
1801632
1826239
1837399
1977573
1991045
2005074
2018746
2047178
2050128
2136040
2213317
2368962
2472582
2482983
2542775
2633558
2727342
2757100
2862489
2904256
3017685
3112359
3137968
3141061
3227146
3283226
3363072
3404047
3406753
3514075
3553252
3714175
3765412
3774576
3842863
3942787
4125984
4180218
4200917
4224465
4266800
4275934
4293056
4331090
4346154
4378504
2540
5935
12297
13210
24554
28699
36687
50802
56998
59367
67405
71646
82383
92033
94645
101478
107113
113840
121696
132083
133410
145179
145381
147663
154180
155287
163455
171210
173317
203354
204982
260773
262764
266103
270538
271003
277251
278814
279751
291932
297314
307806
310269
329625
365389
398548
431569
466225
468791
504281
609177
623734
651749
682603
685417
686000
718235
719920
721879
780331
793427
834543
918456
1002034
1011606
1063699
1064340
1082310
1107026
1133052
1137159
1167018
1192594
1211865
1287150
1335007
1378608
1384206
1390559
1425327
1505731
1511551
1545528
1583092
1671620
1680086
1731745
1769825
1799903
1866178
1884504
1897770
1985253
2042611
2212585
2239074
2331832
2383298
2383951
2509001
2530165
2680527
2735869
2752470
2779845
2799202
2924629
2925773
2936646
3070544
3138785
3152884
3272893
3306271
3362821
3410515
3417908
3518355
3539257
3539265
3563102
3718312
3809858
3831603
4035099
4042273
4066907
4210777
1184
2249
3726
5149
7956
14560
17737
24556
32512
41394
80236
84394
86510
103019
107330
127828
127864
216073
218073
222435
227945
260927
276825
281350
284053
339686
354860
358336
358483
434614
452267
598828
647056
657983
669574
670106
674060
767030
791003
814833
932143
976361
1010591
1017612
1076580
1110794
1366610
1535253
1640192
1948181
2055596
2715291
3267998
3302325
3471758
3714334
3844210
3904171
4158891
4319336
6596
34333
42448
64697
65517
95423
152272
215912
217344
266530
281571
288195
291800
301838
310639
353657
434454
485497
584474
663673
666873
919450
1182261
1221692
1251052
1375336
1446568
1480522
1544991
2075630
2587251
2675406
2881640
2955470
3972866
4458452
913
2769
20335
53745
54229
56823
73218
226142
248527
313516
368166
469382
641289
985390
1053828
1820985
2687678
2759896
3063014
3658186
3795176
117635
1017976
1059194
1856908
3451304
697291
2414698
682935
2905132
193992
2206058
11775
1100786
4284640
2699876
3746031
1606943
2698573
4449223
4494712
5224
210291
253816
292131
353410
416996
464992
1323141
1362191
1688870
1855422
1927142
2219682
2485357
2574230
2592947
2621006
2743525
3225271
3353623
3379316
3493360
3852718
3900249
74
111
156
760
2363
2801
7781
16515
18936
27776
37796
44225
46497
48487
61615
68470
78571
87132
89166
116650
131201
145167
147926
157298
159541
166117
178941
191612
225371
234250
235374
243757
246973
248433
264286
266497
286388
301638
321745
380379
400678
413294
418634
422609
445004
447952
454187
458653
474521
495171
654556
684579
703717
737700
805922
822828
871338
945482
980352
986172
986643
990872
1004139
1084345
1291209
1318977
1363893
1424703
1430903
1476444
1595064
1772559
1825157
1890097
1968766
1969801
2001251
2105787
2123803
2205545
2244902
2321840
2428553
2519068
2577257
2595858
2632269
2640531
3100609
3120026
3157483
3300800
3388145
3394645
3463603
3544298
3685767
3829632
4007980
4162779
4292770
4309436
4482423
107
845
1454
2006
3070
5059
6306
7953
22826
23809
24667
38299
42133
43640
45969
56360
61839
62144
65355
72507
79136
87532
93687
95649
137862
169237
171502
173015
186795
189959
196221
213348
222080
226528
230311
236737
243928
266502
268719
308481
323017
360063
370450
371580
389126
431181
448766
459393
461579
463290
486370
506893
525748
547959
548988
572470
605125
640787
684621
703244
771892
823579
849600
861745
874304
906356
957214
971117
971335
978953
1059434
1111476
1129438
1129678
1130065
1130881
1150752
1177121
1230977
1309187
1323183
1345709
1370366
1370396
1436464
1477018
1487929
1508038
1508988
1515948
1521295
1573172
1664214
1733943
1766154
1769206
1790432
1801166
1805765
1819771
1845539
1887664
1965621
1971695
1985455
2155136
2182845
2199420
2353794
2424194
2495271
2505419
2662826
2780143
2877490
2934604
2937660
3036066
3110539
3130786
3134539
3204358
3239024
3287015
3296957
3318670
3390799
3444133
3508821
3551228
3695421
3750871
3833025
3848987
4004120
4009916
4031619
4037805
4091384
4410336
4416453
4496916
942
1165
5485
15441
23073
27714
31586
32231
32854
37271
45523
45985
46754
49300
53681
53692
54285
58667
62224
64218
65837
76185
79918
80644
81452
82402
88408
94943
112728
116960
117465
129059
131988
151333
156178
163071
166517
171819
173167
173571
186695
201996
208569
243670
282706
287318
302928
306810
312661
345194
381257
410850
439205
446069
446463
449578
453096
455728
463936
476794
503418
514008
553034
569076
573772
587881
687774
712862
726374
732197
757191
776557
778445
816940
821556
822082
828777
850565
859178
892152
938125
974474
988838
1010864
1027509
1030217
1141111
1186314
1205447
1217504
1237442
1237590
1272628
1317706
1397135
1417266
1456388
1461630
1526806
1558118
1566021
1573728
1576792
1581489
1584766
1590313
1660851
1688098
1734963
1820450
1836467
1862343
1888772
1930589
1937451
2082021
2153228
2213051
2215723
2222992
2241061
2459402
2481231
2515918
2517977
2538375
2651615
2710232
2748107
2748152
2754620
2755952
2770733
2793862
2844425
2851785
2853193
2905771
2967111
2988987
3093548
3139085
3143237
3149403
3227142
3241992
3253457
3325310
3335552
3393505
3548377
3558274
3684335
3794046
3795810
3915103
4168236
4202047
4443070
4447470
4507902
346
11072
14018
21948
38000
40217
42972
70626
79203
89521
118786
154859
194742
220531
311226
344086
428862
468474
493870
545089
708694
732816
736661
743707
747329
842660
843877
977525
1033827
1049881
1087695
1299874
1331625
1355576
1362907
1490766
1511414
1687340
1800138
1832969
1970240
1974220
2001824
2029683
2058818
2246373
2320362
2377450
2492894
2587244
2596810
2718404
3349657
3533370
3589233
3682666
3878416
3941040
3965554
4486339
1678
10766
45680
54213
71618
116370
163812
224597
249883
367506
433623
472093
472744
545982
596695
638951
855510
869958
910992
976954
1027275
1164889
1191907
1210894
1555577
1786394
1799270
1804747
2318427
2494007
2641439
2839265
3022643
3073014
3075893
3434734
4035885
4083725
4266487
4382159
1898
59943
104680
146846
227797
239301
533269
906897
1040069
1090690
1091809
1194573
1427388
1464368
1505129
1907401
2210569
2232369
2435621
2545159
2698351
2798017
4023594
4236802
33473
131923
159249
162417
168748
245080
626183
1523768
2834506
3496951
4416372
19157
91127
145054
597270
885173
951104
1388949
2392785
2594013
76797
380373
481831
3405830
94527
622359
2595483
1632714
278100
2844028
1986265
3200663
4241746
4544057
116455
138592
261099
501771
947267
2077679
2235602
2673061
2727716
3953844
4119507
49754
64880
128199
206523
216306
230984
234713
319454
696754
844644
864793
909310
938391
978572
1145579
1176722
1380254
1549914
1644434
2058118
2634172
2820527
2858585
3024938
3069341
3465745
4048675
4144697
4332285
4410869
4462321
2
357
554
649
875
2290
2886
3423
4227
7841
10503
25018
33625
35419
45641
47040
51228
51721
62520
73457
98555
128264
150344
158912
161709
207058
210043
219222
226820
234930
249414
283730
313737
336221
448187
450244
473729
503717
553926
575234
610035
611599
639989
649658
667657
696424
753841
798779
803766
823581
925107
925745
957325
1054895
1106312
1107035
1146569
1201031
1264172
1319222
1339729
1456286
1458426
1493760
1501731
1515579
1557608
1644335
1660302
1707737
1765101
1901626
1990019
2102339
2147540
2231615
2530500
2622096
2648949
2699319
2796167
2852950
2869336
2998446
3020781
3067009
3084004
3102161
3169509
3281248
3363744
3438330
3465890
3494893
3529088
3609287
3661729
3705802
3816399
3900088
4048690
4080060
4091825
4297127
4309369
4357413
4446826
557
859
2084
4238
4634
5243
15189
18000
25055
26152
26520
28972
36826
38494
40108
49057
59157
61561
71118
73458
91152
94596
112650
113869
119096
127133
135775
138683
141769
156976
169401
174759
205462
207880
230608
232247
235347
240005
245971
254758
278610
280317
286131
287043
293130
308768
314294
334065
353493
360685
370737
442314
444726
479407
495519
511384
588859
658186
691689
706171
734106
794094
812690
819185
822453
856091
863121
997315
1060956
1069521
1071407
1073471
1117054
1127679
1138917
1297923
1355639
1427249
1488353
1489763
1508595
1532665
1546166
1585206
1596492
1638215
1685842
1703973
1723211
1780840
1827192
1878931
1921852
1924886
2012644
2062556
2151478
2225561
2315461
2315488
2341398
2438879
2464434
2468161
2557049
2610773
2645237
2719714
2778413
2818212
2955745
2964197
2984325
3023427
3073754
3184997
3242101
3265886
3283673
3364594
3390725
3403212
3425005
3431722
3488816
3518827
3526398
3629936
3659464
3721302
3781351
3904805
4031483
4070016
4127675
4212812
4213456
4279911
4414675
4461704
4489883
77
2808
2915
4857
9244
14030
18261
22971
40076
53082
68247
69087
71350
97002
116099
121420
132915
144739
164003
170531
216463
233467
236842
239980
240236
242408
245159
266143
268776
268870
273898
283683
299262
299315
305560
318142
318249
384332
430780
467547
475587
501877
519797
523884
528905
530442
539500
564231
568347
580791
585835
589868
622892
638970
651714
692330
693497
724419
805685
813216
894118
936102
944141
1005864
1014108
1049965
1079245
1113334
1154719
1158004
1171364
1196693
1198393
1205526
1310040
1423035
1526131
1543885
1636079
1639061
1658733
1685365
1719208
1729234
1952667
2014487
2047918
2228380
2262291
2308768
2342077
2344431
2348863
2372577
2381813
2497455
2501659
2561722
2581530
2589731
2835075
2845940
2846030
2871011
2978127
2979682
3005008
3018824
3056867
3113755
3118397
3130732
3159619
3183120
3183253
3222488
3286761
3319210
3438947
3448933
3593797
3624578
3724266
3751186
3841082
3869859
3885331
3903063
3910049
3964570
4234079
4238973
4256021
4290761
4335690
4373656
4524151
5536
6441
15044
36097
61130
76565
80391
81770
90910
109426
127316
163060
200979
212159
229032
233114
237434
299014
390163
431572
471810
493394
496047
512516
520275
521893
581568
582794
589716
607941
612485
613886
629915
644341
673960
684337
810861
815558
820977
1053187
1087712
1123548
1199382
1215092
1248227
1262240
1274268
1311002
1328339
1439531
1450983
1479259
1528464
1534792
1552439
1600066
1603115
1639707
1643467
1670435
1735357
1741121
1798215
1823783
1967723
1970568
1996412
2030364
2032183
2160844
2264177
2417533
2621495
2622174
2664200
2788366
2939297
2977194
3342742
3408436
4013554
4020561
4174599
4386003
1368
2516
8916
12978
23199
27460
45103
50403
55723
175657
191341
205460
247616
301372
339395
367988
417626
417929
500604
603873
654449
886303
909211
910929
960128
1294429
1521609
1803731
1841056
1882040
1899269
1972361
2636983
2754431
2774876
3079500
3116634
3381363
3418488
3581333
4768
10456
24992
39614
146123
209645
227428
339067
450003
468910
588246
631275
743934
763033
784248
1079291
1255458
1807510
1940373
2351213
2471327
3494454
4002954
4055285
4272346
56275
93341
97889
142692
503521
822063
1832395
2039585
2071291
2517651
2924512
52166
1195101
2406313
2880685
69695
268842
755326
1168080
1012069
1448172
2917277
1152647
2275383
2310328
4349674
3087241
4091261
119405
365449
368566
509229
849683
1404123
2644479
2870574
3172394
3457443
3604463
3777986
3860492
4142510
4431779
1927
118355
129651
576978
634281
653461
762751
791983
904913
942532
1052265
1080509
1085101
1170746
1264687
1339024
1473573
1548976
1719749
1841174
2001996
2310635
2424564
2554434
2941793
2997440
3181780
3281833
3292977
3329600
3534509
3646892
4392360
4516969
3588
9447
14775
15904
45885
56260
56551
61037
61249
63481
70645
81494
96660
122335
142702
143489
152452
163208
163437
169454
184738
193617
208684
213455
230828
231418
252603
254340
264496
266986
303602
318152
338370
344304
357843
366053
384945
388927
412352
425521
504353
531733
549389
560557
587383
598153
694958
697432
713427
718180
735240
750114
757421
783637
785360
786639
787728
788941
799598
829593
889458
918978
937284
953486
969649
1013085
1016371
1036661
1124092
1142271
1163901
1182447
1436083
1486439
1532838
1586538
1668846
1808552
1876266
1879039
1966667
1996745
2051367
2233696
2242222
2261767
2581141
2708008
2769497
2824733
2855344
2871393
3024630
3058347
3232249
3258661
3491945
3593918
3798940
3910690
4060730
4120810
4153001
4327587
4370696
4449220
4496058
591
997
2410
3149
3359
3763
3937
4994
5470
5653
5784
13619
54587
58492
62731
66034
66744
72359
72752
74814
96157
101600
106116
116780
117486
122202
132599
159436
173964
175393
178802
182325
210143
221476
232315
240175
244031
252405
258806
259466
284001
287878
299419
316111
329485
329525
339807
349491
356684
421554
477415
498895
501787
503022
533644
550271
552536
588604
616046
638082
639715
646970
652611
702223
714946
788551
808901
834679
896061
919036
942515
953314
989284
1002377
1038590
1048098
1119812
1144025
1150694
1176459
1184599
1186850
1265179
1279284
1291100
1325739
1350466
1394048
1421595
1470401
1510092
1511529
1529598
1573486
1613774
1650042
1650219
1671758
1684539
1795118
1815390
1894372
1921639
2037112
2053213
2067241
2111912
2120307
2274729
2404291
2422968
2523602
2541424
2557092
2636021
2638504
2686318
2694998
2708322
2802243
2815849
2822617
2843588
2887477
2899648
2901403
2931803
3168545
3183132
3209858
3219301
3224622
3274296
3335300
3353359
3360024
3366371
3559697
3611693
3672900
3674267
3709566
3818718
3831429
4005523
4008772
4028498
4062376
4527344
1178
2328
3594
4839
9322
12867
35998
45371
47425
49122
52880
62119
62810
63311
63714
65325
66211
67088
69234
71725
74558
75923
79924
91133
96714
97401
99874
106488
110474
121316
124393
137682
147059
148382
151200
168527
186289
187732
206187
208471
209422
214274
219446
233705
258602
273769
283734
293999
312099
313753
318950
327165
335084
345683
353979
367189
367322
367899
381357
397981
404341
404346
421868
432841
477221
492725
507003
546548
578424
579576
583529
616080
691788
702535
729644
742480
747772
752136
767433
778540
787715
815604
838490
891419
1028690
1029206
1050468
1105019
1125786
1131772
1141051
1146868
1150670
1203048
1235554
1289876
1440050
1473532
1530643
1533132
1562194
1572147
1576287
1594365
1633917
1656712
1680354
1703386
1733542
1812976
1818991
1989387
2010127
2032067
2053350
2076002
2093664
2098432
2112389
2113623
2174843
2429664
2430831
2460642
2474709
2497531
2570608
2600450
2631358
2636570
2702106
2769474
2776622
2862319
2912776
2992920
3020330
3046551
3049672
3117593
3178578
3201181
3217733
3223107
3252422
3289563
3605320
3614942
3625163
3682804
3705236
3869553
3939304
4056687
4082003
4127199
4251969
4391333
4515863
4526212
15432
27273
35043
38534
54656
58141
75584
99084
125694
128865
164641
211178
219860
241202
247235
306325
353423
363953
387620
433574
490492
658235
690794
717333
728272
744586
751346
770607
802232
912030
957207
1006605
1067652
1082396
1118632
1161528
1214084
1238373
1238667
1254798
1277915
1327404
1334089
1338714
1423583
1438760
1476333
1502003
1517032
1525685
1539931
1544391
1570718
1841576
1868521
1880309
1934372
2061114
2273837
2288349
2401678
2406348
2467110
2475366
2491611
2768709
3014075
3094857
3257687
3281996
3551914
3767184
3991090
4339876
4525011
2522
3138
49831
67044
73584
77647
141212
145991
205974
225989
260762
265805
333547
454158
574095
594586
623592
883466
894801
901545
985515
994824
1040016
1091602
1169112
1179372
1439160
1479482
1501894
1939024
2169709
2285357
2287311
2672724
2883923
2885335
3126668
3138062
3305853
3351431
3438912
3850697
4175483
4196557
4429355
4530996
37417
39782
66105
111655
117400
119125
151527
492265
530415
560032
680019
867972
926711
973827
1016778
1106049
1112120
1122583
1194002
1337759
1389369
1394271
1458547
1464401
1547568
2088609
3263910
3322538
4118684
15035
69916
303996
373694
1031243
1136076
1677461
1683148
1830309
2049154
2232110
2900384
3273668
3858432
137235
201849
2442342
4218751
5802
91837
372289
1008534
1032437
1390233
3369418
360663
2948563
1010355
2891969
3031245
4312794
126973
654655
798487
1273450
1682650
1769983
2022701
2624084
3452125
3517888
4043624
4113743
137614
253943
290861
347699
464289
519573
528742
591630
628319
738414
986032
989766
1083554
1309111
1349063
1470783
1472892
1615395
1620460
1763065
2092415
2364352
2382511
2482161
2504805
3198581
3291458
3657263
4131305
4176980
4221255
4228670
1470
2181
8546
14077
22689
23088
37831
40883
68472
75714
78208
81127
90160
96819
99898
112488
129468
131707
139802
148146
173770
179262
182957
196488
201763
205625
208781
229040
242094
266820
279101
287038
315636
324855
328100
330490
353302
452317
496875
614888
633142
641053
649065
671783
735236
805725
810011
825084
912184
913596
1008739
1017438
1024571
1032597
1045146
1268838
1282722
1316199
1317594
1366172
1378935
1385323
1397428
1458365
1482279
1506902
3343425
127050
1601012
2072245
3876
1476068
4218195
16159
25812
75084
97607
164758
203889
207595
208781
252437
829593
830601
895120
1076524
1210497
1216692
1285960
1616268
1647716
1769206
2327823
3330550
3336270
4076523
318
392
569
606
1513
11931
75219
78310
98555
133393
149708
153743
156341
165246
181510
247216
259882
291334
298424
306582
