2557010
64137
2575352
3614956
353915
3025577
8450
3031722
2606114
138561
31625
53944
454347
2862023
2393059
589232
994295
377836
22086
2754458
1239386
323478
80462
2702629
927939
1941718
3738288
48995
54522
50931
1034256
1610546
3541217
976914
215048
1214
1306465
3547063
1257863
1701479
2871148
4143649
519763
9392
77577
6397
711997
4360547
62137
601168
993616
7050
24467
62252
102648
103861
352393
1683754
103640
3011089
2972675
55136
116869
433148
331250
276533
307462
2370490
611809
834731
2760067
226273
933770
316888
653788
1168971
2417107
292678
215789
927064
3733931
539571
3604769
6943
1427122
3751525
1276717
144959
232746
942438
77418
15542
487379
2228863
2254576
25171
471046
220082
59135
207159
302045
535105
1298018
3304256
105059
875378
1089540
1434
1252023
2855833
3514639
992283
1561884
4188488
1632600
1908635
4439016
102718
2566675
3350648
2354468
3815433
17281
164452
1907191
3395950
3996
3718312
180110
3302692
36229
395669
148012
405313
2808795
4367270
60026
164205
735371
153981
3058891
3952556
103044
2184379
2738947
96764
1464025
2193445
2272216
3689003
111850
615360
2533165
1155694
1780584
15996
133095
413
249342
783056
3516652
608368
475
48571
605597
1181154
1200531
119625
227178
748129
3203076
1074674
1670666
412187
1947284
82940
2950258
3527677
1137544
27901
33320
400181
777305
2289795
3637106
4120591
313463
3458854
3773367
312843
2196276
155363
2487614
956537
2500855
4021256
1011
102228
122743
554229
582492
1380
60815
169490
513987
1707857
3305785
3312913
4379126
4471957
19958
91481
154479
4243542
43828
55182
612537
894183
153494
5023
63975
431057
464568
2118159
2963479
128091
167225
310474
1292884
2184460
3565791
844031
66627
313293
2115692
559679
905348
276632
336717
891265
1330711
2199201
670461
2556505
18757
142354
307596
1258865
1373306
2181818
2765045
3748214
325313
2420033
2647907
203936
1198623
2834930
8242
225995
1726589
2236005
631
660
41669
491703
630616
3050642
1417
212254
469653
567888
991152
1204110
1839865
113050
904318
1153469
1984882
642529
710436
711251
1148220
1334548
1359421
1476021
1503093
2069874
2167525
2746294
2889198
4473641
2704729
1161116
2235815
4215052
22615
134384
1351775
2394525
1250333
102725
153172
435525
552623
2108148
2620940
3584904
1146
21823
103099
114176
174948
298429
465161
2810524
7171
249753
269748
319134
4410332
41963
630840
2575429
482384
1931795
25724
85689
1246226
1357652
2492511
2530591
250590
597876
1984047
210847
236487
255747
378801
883902
1395459
4407955
2670
157193
268292
1016821
3070684
287184
621544
4498022
216261
31369
38923
1154428
4234282
43605
82558
156054
205782
434430
726801
892425
915156
1079410
1650273
1886968
2696206
2731901
3512003
4138331
238196
767059
28403
445936
2467469
6139
2907702
10248
595777
507342
1203232
59678
107714
149291
228704
1023465
2345137
2483054
2455
62742
319016
1461951
2432765
2808455
4507987
4529601
196
6537
72215
155073
761661
1574979
1575790
889
5084
32810
60306
116122
435850
554042
733432
1805502
2459460
242644
639510
3333329
226480
197850
757136
1566417
1758
226286
1525804
230159
1264575
1631760
2753418
602582
735538
926358
1133718
1222445
1913122
4124
763382
1902583
2063181
2537495
1368
58516
203829
3073614
64450
1525315
1751521
2624980
3366237
328675
418298
436290
1037875
1169946
3695967
25320
41467
43148
43295
60908
138230
226673
326725
588436
2493117
3724701
3969671
6380
125263
416389
611667
1856107
89808
153368
197403
202287
905851
121464
206217
46718
162812
430226
1577223
164828
1335627
1901739
2742741
3561472
4171477
1919
373526
447418
639643
1021791
2135405
2959815
3585407
7840
13284
64334
120318
223567
758651
810187
844474
849354
1585113
2481311
2653031
20727
40460
41857
46183
205354
218216
590245
706523
879642
1094046
3641709
4166373
993
159260
177782
348633
476882
485969
597990
600427
1167015
1504763
2011771
2383298
10516
46209
100402
329650
1007105
1168221
1516780
3523130
95917
139190
1352092
2360560
185607
597113
1094338
101669
105614
202709
283690
1250315
1825277
3189
64186
105832
224968
274059
350100
671259
1044678
2704253
3576557
34012
189932
306406
645906
711729
827411
905456
981088
1093717
2172053
3717337
4275934
49300
1295996
1534506
1934636
2135380
1153
66481
310535
478905
3584798
1015348
1951751
9521
3643935
56793
164789
203308
8349
12784
2151
31926
2658827
3448652
45
150135
212511
347423
499131
556796
1028280
1355011
1517610
57598
110189
323146
360105
663033
1063339
1436340
1523691
1632187
1648887
1654490
2524833
3156221
9985
11802
57516
123015
191545
212814
371462
714486
902198
1030017
1798319
2578430
2983792
3118513
3332944
3398779
3543168
4068936
185015
245210
333447
338321
464220
664063
674454
1342557
1398814
1550306
1721966
2413687
46007
223105
1510144
1715246
577748
2587251
114236
497830
1254340
2790958
14471
18384
33842
128672
217848
270769
483650
623688
898334
2490022
8420
97421
159860
176976
219687
223197
291017
308865
312051
327473
582993
686015
892901
983639
1089209
1448020
1532767
2302150
2836000
3027331
121420
839206
955469
1117776
1575378
1706155
2110298
2429926
2438879
2560304
3714334
79
250110
264704
291693
692733
1552439
3291153
3849226
4272722
451012
1009943
1069950
1184456
1489646
59698
855675
3666623
100121
1954137
454
71512
176339
283340
302868
329653
340690
547358
1670336
1983469
227
35766
112546
128165
132614
398698
576919
811124
1327610
1461161
1789566
2262871
2464434
3175781
3386780
126
5229
63321
91013
109545
246972
775081
793027
1136300
2806434
3199364
3858269
649474
80004
92080
150739
263083
277803
1500462
2563614
332550
2307927
188118
271566
576978
1588318
3499609
4220
69706
81196
942471
981588
1022882
2326342
2923220
4318728
3823
6201
46935
56992
70299
96044
179200
279017
319605
371460
446597
643385
653928
1929263
2617641
2708322
2860723
3243385
3464028
4035798
1337
19375
141604
561946
831980
1624360
1997144
2699874
2715774
3010081
3647960
3998205
4373656
47815
84824
86335
86519
187137
275041
275332
1508755
240501
1502578
268595
2157110
1523768
15757
509178
76229
110623
412017
504066
698416
4243868
51534
92991
258487
572136
586604
726590
1748021
2288096
3366967
3484792
3877716
5629
6489
75922
274972
298509
355031
512858
556302
619223
731011
1592673
1825420
2460058
3009051
184
231
1469
22205
50557
110179
302872
356015
374330
434454
506600
507311
615647
695607
884296
1009946
1141802
1195073
1365262
1720634
1926351
1954843
2402326
2646215
2751576
3253707
3403697
4223287
29617
43736
99644
239097
508383
526820
538345
698389
814715
1129082
2073979
3697655
4025694
4919
88333
177050
896857
1103514
353675
970276
1451617
206523
284595
515814
1046247
1098399
1225764
2709411
2997609
3188835
78705
92750
354091
411855
616197
669204
807748
895452
919099
1712665
1932095
1947660
2763887
3191802
3202862
3939502
455
120066
141664
306602
321622
425821
584149
910722
1029252
1358528
1481288
1489260
1556233
1834535
2117566
2219206
2270931
2942116
3256599
3591072
1627
28762
63251
70987
307007
583221
885589
889050
997887
1530344
1681574
1912889
2175987
2429148
2651314
3034339
3907224
4455034
146225
466868
483142
827851
3059543
91761
143059
1009509
2157805
2710192
3073014
51129
145018
193733
313915
330163
441561
910598
1160617
2127236
3438994
24165
1891546
946730
40834
943213
990872
1044477
1532714
