2575352
1074674
2557010
3614956
3058891
711997
3718312
138561
197850
307462
64137
8450
3302692
1358
286618
145649
377836
6397
48995
1198623
3751525
110179
21823
1664419
226251
2606114
323478
8242
857615
232746
2560304
2354468
465365
92991
1206813
4130665
53944
70270
412187
616809
1889818
9392
2393059
942438
589232
72514
299216
22086
3301282
1757934
2166271
3304256
2754458
5480
17281
2236582
80462
677322
3773367
42486
353915
4352760
32810
21947
320348
3393152
102718
1641600
2307927
331250
9319
1615290
6139
209586
691099
894183
2702629
2711464
22615
276533
2856320
218216
180110
24467
365187
3202862
219346
395669
1239386
242644
125061
31625
15996
1683754
85238
1786256
302414
1317604
3025577
128034
991152
2527
51862
54522
1330711
236078
3181120
2862023
3011089
236487
87787
20335
126
61736
653928
107827
164452
2765045
660
61615
1706155
264674
64697
4120591
2558769
138011
275332
902198
615360
77577
378801
66259
2167525
2345137
319194
630616
360105
1037875
1203232
327165
49251
2114773
2810524
41963
834731
1577223
82940
1129278
55136
189439
853610
4234282
1016821
2379270
78008
466868
1380
128259
1951751
572305
49754
383933
400181
2050818
4021256
226273
1034256
1065322
3004955
3395950
63353
77418
1199805
1984047
611809
302798
63672
102648
302045
1839865
1968921
2933230
110252
207159
103044
4419451
60026
352393
390901
993616
1426717
1766154
3812939
4068936
13405
1299874
630840
85689
1079245
83111
156054
2370490
2500855
464568
230
994295
4919
91761
1561884
70042
3732081
433148
644209
50403
10248
1272947
3643935
1726589
1740345
1417
547377
616080
758651
48571
97421
711033
2827805
3302732
257047
1117776
1334548
1957003
2326342
2348963
10483
47815
141529
120323
220082
2184448
33473
1155694
8349
2950258
1440830
473733
3180327
27901
98116
319867
1182679
1218312
4331090
100001
3904261
249342
539571
2494808
471046
519763
2272
431169
481059
3735075
507342
116455
38923
608368
2464871
454347
895452
155073
346255
974474
2493117
3213082
413
2670
105059
171302
670693
612537
1932524
50931
2647907
3738288
46007
1290143
2358275
32306
2343085
3044369
3350648
51591
2374265
3448652
60181
164205
213286
50374
74558
140561
473996
926358
2566675
3460681
552542
714486
4127754
2487614
100121
109664
2490022
62986
143349
215048
605597
3031722
3878416
405313
32501
350100
1069950
1152938
2232315
3516652
600427
1007105
250110
33174
18757
62252
412017
2581530
365447
491703
597113
956537
272
55509
107359
1525804
27626
100402
116869
133095
280995
2199201
3657064
4143649
46209
910929
2238709
1146
169490
537506
522297
104684
487379
2079581
348626
4171658
3815433
360600
1508738
4360547
45
1919
44787
103861
116338
169629
257289
2063181
4213716
53913
89190
156103
1236914
2492511
2670302
120066
148012
319134
445936
491225
982859
513987
2042138
5084
595356
916319
3527677
128091
1091045
3463093
811124
843515
1250315
4379126
63975
146156
880397
1393468
1610546
72215
185015
50557
146045
245210
434454
1349746
2184460
4529601
1328958
2777124
898334
1204110
1168971
2289795
3872
54749
68313
330595
2108148
2387336
3058347
6943
64771
123059
202287
875378
1136300
1298018
1707857
3328541
215789
524568
3250995
1490
62046
111850
606836
1214
137751
1902583
2193445
4343083
1104343
418745
2886
227659
784791
1179393
2288096
2559821
231418
418960
978471
1089209
1141504
1200531
1397696
2760557
3075588
3639441
3669990
4473641
684337
25171
140752
142354
204095
389705
1128365
2738947
2907702
3216707
253
102228
273913
668800
268115
1977294
1273793
3258954
1751521
2365477
2382595
2445229
124
277091
710436
768660
1351775
43605
153172
844031
1835643
1859078
2184379
3253707
993
7392
17004
2172053
2254576
3813498
3824472
4365388
141664
626645
905456
74316
109426
844823
15066
84178
1337549
36539
998600
313915
1028723
120851
7783
1139123
2817
165246
212254
1009708
71512
362498
464801
747966
933770
1137544
1547032
1940609
43295
223567
327473
554042
630286
822828
981374
2510660
2715774
3199456
3547063
7840
41976
725522
1415891
1756526
2506436
2556505
3590
100095
416836
621603
844787
1044678
2383298
1305147
1194573
1541957
1788801
2118657
153168
153494
250081
510913
631
292678
153981
239738
1276717
1292884
2174753
2530591
2778607
6489
19958
101342
276632
686015
687277
706523
981588
1632187
2653031
3183801
3291153
4132104
307
435276
478865
1306465
2047871
1268775
1504763
1515420
2646215
3936
310535
1252023
1518925
1427122
1810971
223105
1011312
2859090
136396
127399
284595
1992311
56648
1896772
5023
31369
278411
408176
767059
2713486
3541217
3809463
475
1672
25129
159436
181436
212511
291017
1642790
3305785
4166373
373548
460272
665643
1257863
1409395
1513199
4367270
27576
129283
372774
483142
621544
981088
1897956
2455
13365
233049
249778
313463
3988742
58516
261327
2029140
27240
3333329
59698
1562874
788788
40834
1039137
1241235
3561472
36973
194100
196918
3896543
91912
365781
548348
572785
582492
844474
1901739
1907191
1914675
1984882
2836000
3645522
3906460
184
11072
41696
56996
61495
79909
433596
468295
879642
927064
2302150
2945360
3458854
889
66419
210338
460381
848056
992283
1505731
711729
2020289
24661
133426
145018
159034
187137
332548
46718
869817
1009509
69605
88333
125453
1622640
4498022
2281737
1163901
1641602
20172
105281
1154428
4220
134384
185607
800507
1254340
1337176
2812337
228704
2432765
3584904
3763292
33842
176339
1089540
1158738
1249368
1429908
1632600
2015097
3159619
177574
197403
300729
328052
538345
545887
1104513
1570472
1584413
1787227
2213954
3711829
43828
410314
1381766
1464025
11023
444515
1026239
2199241
840598
1184456
1210087
2704729
2867798
4439285
663769
1303157
998650
1884762
5054
1044477
1783071
698416
1851121
150041
247216
482384
515814
746855
1137764
1145923
82558
101669
199576
691122
1394555
2438158
2746621
122743
274099
294402
318249
356015
360066
552623
651714
849354
1941718
3010081
36089
442314
470360
485719
868941
1059434
1142440
1658733
3773157
53692
113927
153368
698389
942205
1013974
1889857
274923
1271585
4322409
7050
206217
946730
4784
1115568
2142443
3188835
4437691
98029
167225
252314
282713
497830
1007358
1765171
2963479
271
3149
21243
64334
306406
469653
514308
1117375
1291494
1358528
1481288
3125676
3735336
3975805
8420
11802
49300
96764
285096
307596
509759
861745
1042506
1071314
1224174
1305798
2578357
2804504
2983792
64650
78365
175657
882657
998161
260773
332130
453660
606857
3059543
39193
228713
328368
382812
735371
2477540
2707008
668643
56793
1696051
2417107
2783116
4534816
625443
3991455
163818
919099
2483054
105832
296162
461963
926875
1021469
1585113
1863232
2377835
2524345
2640191
4131305
1504
20130
33320
34529
107304
109545
319016
499131
731011
2803361
1011
2696
6459
46623
59482
72733
91846
107714
338321
354091
451904
465161
481050
775184
910722
1386175
3442794
1434
193733
232940
307586
312843
572749
674454
1342557
1687340
1701479
839206
1934636
3831603
103640
521893
910598
1283582
3311769
24165
4049989
2278076
28396
256367
1287150
2226929
3661331
32905
40506
51534
60908
215025
240297
283730
306582
379078
669241
751502
1670336
1753466
2622096
3086715
3194220
25320
171819
244031
246972
269062
413175
875733
904318
991881
2896939
2923220
2959815
2084
34590
56914
136304
197516
1094046
1879594
2104322
2458620
